02117333
05556204
00261705
10524973
08673395
00380083
14286549
05442131
01094725
00257535
05303402
07414740
09442838
07373277
14757848
02445509
00835032
01743217
02868326
00686447
02947212
06063588
01725712
01326291
04910973
08381436
06389553
00332835
03303965
10380305
08106934
00051045
02125223
05261566
04897762
02064745
04635104
01812324
10160412
13549672
01344293
05993844
02630189
00019613
02510446
00583239
02245765
02733187
07339329
01019129
00022686
00773402
05601758
05148699
05823932
00988028
06346461
10058411
06000644
07177924
00294884
06724763
03110322
01507134
01558440
04946553
05537576
00955060
00360932
07496463
03384535
07514968
01998793
07939638
00358931
01637982
09764900
01619725
01685313
00034288
07052291
09424489
04852750
00909573
02298471
02166460
05634219
09792555
00368109
02728784
01040707
00007846
13791389
05462674
01629000
02642814
01867502
10308504
05558717
01108148
06420781
00394813
07270179
09816771
07248060
00744443
05154676
06633363
02671880
01167146
02418872
10553805
09304465
05764197
00002684
10693824
13911151
09882716
02495922
04341686
00925207
09224911
01071411
01015866
01761120
00931040
02232190
00785690
05946687
05602835
00747418
09792237
05849284
07553964
00014549
02224055
05577190
04526241
10461424
02551144
10518349
05466696
09609232
00939035
06740402
07140978
10522035
06428216
01051331
13085864
00798245
15145171
05301072
10261041
10383816
02035337
04833276
05418717
02548710
02103481
13955461
10264219
00033615
00782527
05601357
00598215
00829107
03664514
00826509
00770270
09612848
10284064
05802185
05999797
01129876
02248465
05282000
05315095
01097292
05470189
03673971
00815686
00630380
00706243
10495555
05318831
13381145
00407535
01570403
03967942
00381601
07286905
02667900
05229622
13331634
01066542
00727791
06687701
07200527
02310482
00278810
00896141
04828255
01629276
05485554
01090446
02244956
10025730
00114095
02551602
00759551
14418395
00643250
02450256
01531375
07201365
02399331
00241038
00376400
01934205
00192836
05563770
01817500
05495172
02610845
07250034
04836683
02137538
00593944
04806804
05093890
01139194
02127613
05590740
05249636
05314919
01797347
07293180
07505047
02872333
05726345
01148283
10165448
00658082
01638368
04074482
05147940
07048000
04864515
01559055
01794668
05594822
05462315
00112312
00582388
00932088
01098869
02698944
00763901
01999798
01210737
14559983
10703905
01241767
05332569
07314277
00955601
00896803
01284908
08664443
05432948
00774107
05469032
01028082
06879180
00184117
00835903
07160883
01085098
00859153
05548840
07328942
00451461
07534430
08055150
00004475
02661252
08239808
03600977
13572436
00056930
10756433
10560637
05539138
01062817
01970646
04778630
14311348
02877704
05340795
08358594
05345581
00116619
02257370
01042531
00604576
07492655
01075164
00787465
05559727
09470550
05732756
03906997
05599617
03740161
07252206
01131043
01261712
02099019
00903385
02678438
00940412
01198101
00699626
00668805
00171852
06389230
03005920
08101410
02169352
10630188
00341285
05261404
00803617
00210518
02612762
01123148
02386012
01013434
02888133
01113867
10495421
05051896
10120816
02586121
01429349
00884540
01418667
00205598
01108753
10102506
09821253
00710005
01228877
02494356
01215168
05473104
00045250
02735418
02618149
01651444
05928513
00880662
00245457
02108377
00868799
01117541
01215392
01662771
01813499
00038750
02700104
02513269
05780104
13426376
06740183
07510625
05551711
02202384
02574205
13580415
14877585
01127623
02515214
04812268
04451473
05285623
00899927
13809207
02749778
00879759
01160031
00893167
05268965
02331262
08101085
05827253
00593732
08059870
00844254
11531090
01284461
01921964
02217695
06650070
01221790
04792127
10126177
02585050
05309050
04424418
05380697
09608002
04735233
05817396
01012712
00548173
07536870
08103777
01759326
10399491
05552607
01731031
06732013
05372428
01613239
05565937
00504592
02555434
05805902
05284333
00229260
09900981
00925873
07965085
02789271
05734018
01821996
09821831
10791221
05545047
00941974
02320374
02270342
10509389
09222051
00695226
09901143
00745637
08400965
00002137
05784831
05274808
05818741
00963570
13780719
10752719
00059552
07218470
02349212
01996377
10776339
00543233
02210855
00383606
09764201
05455912
04546855
03081021
05317960
13970236
01590171
13792579
00523513
01246579
01624633
00611055
01551871
02440244
05734559
01468058
13773539
01760944
09769929
05794403
03104594
01211098
00560893
00811355
08060446
00742320
08629508
02500902
04871720
05538016
02537960
10227985
01012360
05480794
04728786
06782019
02260770
00383390
09678009
04693384
06252743
05869857
00089351
09902954
01085937
00831191
02374914
02607455
04650527
00411009
07423560
02787772
09429387
00112997
05535484
00084230
05232691
00921300
10309896
02023107
00338641
05654362
03038281
13367070
01309991
00483181
01310660
05511618
00506299
03154446
06373747
01895630
08199025
00003553
07251984
01624169
00559102
13489037
14419164
05435477
11083656
05935060
01667449
05344514
05462057
00539546
02646757
03017922
00937656
00495998
01818235
01142519
02309341
02230772
10743124
01060234
07988857
02364448
00348746
06095022
08663354
02414710
01659248
00657604
02321009
00911350
05277728
05785885
02646072
10509161
02684254
09962966
06694540
07298982
09777012
00256507
00020827
06721949
00227507
01744611
09848489
10372373
05436080
05329533
00602805
01151407
06740644
01458302
03953020
02426171
00359238
05279953
05766247
01282014
02298160
00522751
00067274
04660536
02176268
01374582
06037666
05830059
02608347
01620854
04160372
05371663
03075768
04618781
00681429
04320126
10461747
00040152
02150510
01808769
01149138
02157557
05426989
05447599
05195362
00147187
01116026
02729023
02727883
09930257
01084637
14422179
05735478
05637558
05786372
01298931
13265011
10045713
00237869
01089878
09762821
06532330
14686913
00987071
05338410
01825671
10383505
00729108
01769902
06685198
10412055
13940456
08164585
05926676
10740219
00584367
06648207
10706812
02665803
07975026
09630641
02056466
01052853
05264756
02037272
00015388
06260121
00004605
00634906
09257949
02554422
13558696
02853218
02274299
07190290
04105893
00210797
05556325
00906367
08082236
05256085
02215506
07283608
02547586
01723690
14446161
14960090
01339505
13844212
00812580
05510173
09179776
00817311
07538965
14331873
00441445
05541231
01697816
05616246
09837824
02702674
05296253
00634472
00713167
00007347
02945971
02219940
06367107
09610660
03540595
00403783
01557774
05786184
05793000
04760771
00836236
01627947
02734217
05805475
01816431
03575240
05539595
06712325
01086081
00588797
07211950
01621555
05838765
05804274
06740919
05262185
02260085
05806855
13904843
05237755
02942769
00249780
13561719
05483890
00115157
05229990
01110274
01549420
13365286
05269901
05301392
06000400
05541645
10578762
00235435
13962360
02670398
01207951
02219094
05405946
02284803
05341920
06528992
00172710
10434725
00956131
00765649
00028565
09771664
13864965
08368907
05585665
10059162
01128193
00066025
02324478
08061042
02539788
00284798
02479154
07159791
00654625
00084562
00661824
00044150
00023100
08624656
02204692
01282545
00917772
00406963
10495167
08435388
00788821
07139700
02840619
09777353
01104637
05677952
05154517
14287113
00243373
04826235
10681194
05930736
05117660
04186848
00031264
05837957
02563860
11419404
00367685
07447261
04321534
00859325
00442267
00147595
03281145
05194578
05497363
09774783
01032368
01440378
07289014
00660571
08189659
00628491
02806907
03180969
04250026
07050177
08648322
07522128
14491271
06043075
01109687
01239494
11415842
07950920
10112591
00165942
00779601
09279458
00606370
00554850
01627965
07051975
05317354
00011757
06080522
06206800
07492516
01642437
02570062
01878466
00065070
00094460
00376063
06037298
01896478
02584915
02719399
00712708
01872645
01115162
13279262
02499629
07938773
05929008
10522759
02664769
00905852
04880830
05580416
04852088
02518161
00980453
02463403
04628192
01441100
02530861
02285629
01320009
07245125
00082081
00933154
00730247
07150644
07357101
05670972
05576573
05564590
14036203
00674607
02284951
00805376
00740577
00230276
01119169
14420954
01057200
04922113
00067999
01762528
07121157
05567217
15140405
01136519
03257343
05550330
07248653
02486932
05590366
05296775
05395098
02352019
01754737
13988663
01815628
01202415
01601234
00555138
00345761
00351638
00001740
05578442
00696189
05529159
10482220
02259829
00920336
01990281
08110373
00069295
05623818
07372565
05779371
01752884
01647672
02550868
00696518
00771961
05332225
01227190
05398609
01123598
05194151
10671898
07109019
09928136
05546540
02598143
05943066
05854150
05373790
05142180
05289601
09622302
14451349
08621598
14037011
00180413
05542893
00745005
01238424
10592397
00941990
00136991
00878636
10056103
10555679
13928388
05553288
01346003
02747667
00096343
05436752
00625393
02115778
02468793
00778275
05516366
09927451
04840981
01121690
05314639
00061792
02559752
00839619
03733925
01118449
13580723
00250259
10411551
01255967
07553301
10474446
02536557
00327031
05465868
02308741
00359614
01777817
03201208
05476256
01705257
05492259
01378556
01641751
09178821
00924825
05075602
01125429
01981036
00562398
00907147
00143251
01955127
00635205
05772356
01046984
00029677
10399130
02230247
05549830
01807882
00001930
01205827
00044455
05545212
04871374
05314075
02589576
04677514
00644967
02453889
00781000
00159177
00316594
01506157
00121366
11498203
02163746
01198307
06782680
02258291
10724699
01231252
00729109
15142167
00779360
07209965
08441203
09786922
00062451
00727573
00991838
05951566
04519153
01221611
05166805
05171045
10279018
05318606
10421470
10351874
00607405
14403282
06057539
02649830
02251743
05537806
10421956
01627355
13773361
07366289
05272110
00611481
04905188
00196485
00070816
04618070
05283816
01850315
00976365
05579944
00722232
14425414
02323286
09811712
02327200
00352558
10681557
00920125
00339464
03735637
01211699
05773923
00990812
04734885
05736149
02335828
07160116
00017222
00883611
00336922
01211667
10677713
06226057
02107588
01619354
00162632
02504131
01069391
06078088
02128066
00164345
05614476
05532225
00883297
02467662
01970826
03563967
07360647
00113726
06738281
02348324
00999815
09812338
00740053
05804793
00894738
10786033
05693919
04659287
06161718
10694258
02145543
02658283
05034225
04729328
09997404
04877421
03129123
00611802
07535670
00032613
15003969
01022008
05504532
01925372
04261116
06711159
05760202
01329239
01206153
00678010
08242100
05459769
01292885
05564323
00909219
02897524
02578235
00426581
09855630
01346804
02179279
02611002
01722447
00629738
13931145
00765213
05541872
04456276
00482473
13872421
05465567
06400510
11579418
02413480
02697950
01724459
04835724
01612053
10345804
05560244
02685299
01201089
02387034
13941337
02332999
13905121
14323683
06687358
04829550
00282050
01721169
10624310
02676054
02397637
04184095
05833371
14421139
02736778
06158346
05275651
02325968
10595647
05901508
07251619
00766418
05430628
01020356
05225090
01090335
06748969
00691312
00240131
05509889
01658188
09831962
01096497
01993926
06757057
00142191
07532440
00949134
00087152
07450842
14317720
00633265
00670261
00163779
01046932
04631067
02611630
01016832
02490877
02051694
02302817
00197772
15140892
07285403
00151497
14842091
06504462
05604950
10214230
09915964
09928451
01637166
00070641
05228020
05389939
02290461
00355252
04847991
01872877
01095218
05602132
00940842
00397760
06732581
02167052
00226882
00772189
09912995
00882948
05714161
09366317
00489837
00694068
02170427
02950154
10716005
10162991
00381680
05273684
00748282
01873942
10633450
00822367
03699975
02257767
00042311
05597594
07537485
00082308
04620216
01036333
05908520
10476086
02560767
05829782
10486349
10409634
01640550
00999817
02290029
00630026
08434259
01093172
01030820
00976487
08053576
05528854
09631463
07357388
02471762
00101609
02376277
10657306
02952275
01026262
01558883
01111016
00050693
03879854
14778436
02634265
01489465
08572467
02389346
07290905
01048939
10214637
00910973
05599203
01008378
11452218
01948573
02128873
02203362
01904930
05287882
02439501
00043195
02161432
01974062
02261464
01894758
06768901
09979589
05813229
06767035
01741446
10692883
02513989
05784242
01782519
08252211
02796623
01291069
05277532
02726017
14412725
05280365
06193727
13932421
05891783
04916342
04203705
00661091
05763916
01511380
00583990
01381357
01027668
00789534
10431625
05274590
13896369
00868910
01062997
09887034
00851239
04726938
00034574
00556193
07150850
04849759
09906538
07992450
05304932
02603926
01797204
04826999
00397953
02390470
13095685
00905677
09379111
03385117
07359599
05459232
05551318
02111684
01106864
02747709
02461723
01384439
01224001
02271544
01636397
03109399
02743261
07180183
06694796
04485226
02081178
09617867
01240432
01556921
05907682
02760116
07248801
00363260
00602255
01640207
00029378
05542539
00243124
00077419
05294819
00871942
05609884
10335931
01649999
02447793
02715229
01435380
11567411
02578510
00084738
00610010
04898437
02034828
07497473
01645601
05348884
05868477
05500594
00205046
02375131
07537068
00607775
02150948
10515194
05455690
00484166
02157399
05792842
02154312
01955508
08108784
02106506
00662589
01321002
07565259
01089483
04250850
10631941
00888009
08357784
05491612
07536074
01001294
00684480
09631129
01770501
13518963
00035189
01772960
01380638
01138670
08359949
02519555
04713118
06710546
01293389
01213886
02542795
00113113
01549719
10577284
11458624
05035961
01311103
10768585
02376429
03746574
05602548
02472293
10225219
05276860
00430370
06199702
10745894
00973077
01024190
07211752
02128653
01120448
04060647
04754440
13989280
01797051
02448185
01563005
06208021
14841267
07535209
02130300
01352574
01653013
00958880
05546040
00938247
01861778
03120029
01781478
00611433
01830946
05240850
04451818
01628449
13455487
04637923
00841628
00779061
04800359
00253761
05138488
00497705
10614363
13486270
05111835
00510050
00726784
02293321
04638175
05828263
00169806
08651247
00078760
00766234
01156834
00199309
05923983
10018861
06649567
00387657
00955148
00279835
01647867
04733640
02991302
00069879
00721437
14023997
05595083
01364162
05696425
01313923
00651991
03882611
07993929
00242808
02343056
01256417
07544647
09614684
05593871
00156625
01083077
05515670
05828102
09939313
00599992
02112029
02407987
02220461
07180372
02938886
05383467
00125841
00169651
13532886
07515790
05273822
02425913
02294436
00037396
01999423
02152812
00055142
01012073
02343374
06648724
01256600
05370918
01205961
00734348
01233397
07313636
01082606
01211019
00913065
06182144
02603540
07160296
00959731
07443761
00880269
05705355
00623151
00682230
00429060
14485526
04164989
00626800
05090441
08566028
06601327
06750154
00062806
01172889
00608502
00244625
00023773
03100490
05600637
01259458
01149494
02348568
01754576
01222360
02744651
05239808
00664110
01070102
00933420
01030832
00908621
01363648
01053207
01711749
00021939
13864153
00923995
05373924
00768062
00875394
03061081
05578251
01146576
00712135
01369663
01120069
13253751
01207609
00516086
07138915
00648977
09771435
07539367
07212190
02608823
05388805
15109745
00061598
02207206
14052046
02573275
06347996
05534333
02469914
07291794
00931453
00190999
01069190
05434557
02511551
10102800
01253060
00385791
06282651
04202417
02138659
10161178
05753564
00717358
00252019
02549847
05559908
05496990
09769636
06547059
01802494
03302121
10689564
06367373
02073714
00686890
01476483
00926472
00550282
01074650
05563266
01072565
06643408
05822746
02200686
04999401
00797697
01752495
05473735
09201031
01697027
05254795
01933900
05289297
04673965
01191645
04792357
03294833
00199130
00432683
01588493
01021889
14445379
05432736
00140900
01702514
11960540
07324380
02304982
05250659
00240184
02887970
00829378
00595630
01259691
07208338
00334186
00933566
05572940
01549187
10191613
06773976
06054700
00512186
09976429
00386915
02551832
02406916
10626867
05299178
06681551
00059127
13945102
01385458
01370590
00923793
14000403
04731497
04895246
13969243
01995549
01647229
10045454
00764902
05426243
07553741
00728975
09885145
05578095
06157326
00422090
05138208
01516071
05838176
05194043
01624568
01818835
05230357
02354287
10107303
00198631
01775164
00877127
06156968
10741590
01074694
05566919
05421414
00690614
10296618
00433778
05803938
01422886
02460502
08549070
01666327
06128570
10708292
07020538
04782878
02130524
01798100
04623113
05658826
01463965
01127075
05941037
05466005
00165178
01225970
02102484
01109467
05216365
02550296
05296639
09926862
05675905
00192051
07993109
07969695
00952524
05785067
05540513
00071646
05367912
05225602
10296832
00849332
00342980
00954608
00660971
00207418
02475922
00344125
06605897
06762711
01549291
06684383
01792567
05836275
00226618
00390215
02507736
01867295
00045907
00838043
01085793
04933544
05352291
00230746
01994442
05221895
01202904
05755156
00091968
00900581
05328867
07213395
05702726
05327767
08420278
00831651
01653442
03892891
00872886
10609092
00362467
01881696
00552841
10429965
01311378
07974025
01020005
00248659
01049462
00170844
00604811
10583250
05476754
14298815
07296428
00238022
01790020
09615807
01990694
02620587
08231184
00911562
02684924
07531255
05555917
02410855
05275466
10670668
00027705
00048374
06634376
14285276
00830761
10549510
02860389
01395617
01074498
01127379
00907657
00975902
05849040
11665372
01184814
06479665
00756331
15113229
01258617
10285762
10415638
00733632
00158804
10483530
01796346
02306462
07372779
01704953
00893435
00138956
01633343
01145359
13969700
00770437
01806505
01834304
00638981
00095121
02125460
10019888
01646866
01498872
00908909
05553049
04831727
04076846
04254777
14315192
00252990
08459252
06362953
02557199
03018802
02080577
01548718
14437552
02622234
02108026
05775407
05701944
01165692
02123903
15266911
00734054
05867413
01002956
07452841
08063446
02584981
05574151
05864177
05417975
10563826
04759849
00697589
01685601
05996646
02554922
07963711
00364479
00688377
09258715
05577410
06749881
01032840
05577741
02524171
05576950
00921072
08510666
01127215
02426395
01308381
00455348
05542052
05549061
01632411
04712735
01200440
13555446
00503164
02469835
02333225
05395548
01686439
07162545
07042735
05317191
00730052
02346895
10351281
01369758
13253255
00151689
01871680
05131283
08436759
05499172
02156063
01421122
09878275
09632518
07309781
01229938
01711071
05343542
13331778
13504173
00650353
00958334
06551784
00588221
02621853
05352433
01976089
01133876
02577061
05271383
06652878
05541509
02964389
07963987
03211789
01552519
09824361
01248782
01105259
13524925
01355326
09609871
14548343
00739662
02387486
00642098
00838856
00146138
02730135
02479323
00806502
02600948
02281093
02533313
02513740
04850589
02286687
05790242
01769843
01765392
01977155
10583916
01895219
00484892
00981083
04876985
04099175
00082563
02655135
02455407
05335310
09984659
07941170
00099951
07532112
01261974
11412727
01284271
02716165
01027379
02144644
00760402
13810323
00609683
01820302
01131473
05845140
01981699
01653873
03377582
05468849
01667304
06770275
09476521
07246036
08108627
01275562
01555742
00486018
03122748
01639714
07109196
13954253
02122164
15055633
02374149
05704096
01214171
13812607
02505141
06549661
01091905
00849788
13247554
13913566
02238085
05387395
05107765
05367341
02704349
04748836
00908492
00583461
05474738
03722007
04999741
00773814
07151892
05570839
00050195
01116968
07554856
01844431
00931555
00586262
07340249
01096454
02208265
05501185
04723816
01432474
01045419
02450505
13956488
01478423
00002325
02489748
09624559
00147454
07126734
02123812
00019128
03996416
13939892
00231557
01364008
00924431
02766534
06372095
00232542
00119524
01130607
01190948
03932203
02400378
01088923
09781504
01882170
02510337
02669789
13503908
09385911
05670710
02589013
09437369
05331812
00598954
05765415
03074922
05285275
05803379
00339934
05331653
01783158
06762380
06392935
00145218
13575869
00612160
07286368
04783247
08402442
13961642
05370410
05423779
01667132
00887463
10269458
01459422
02338975
02395782
05029706
00404642
05434927
05286536
01828736
00594621
00079018
00532607
06374587
10677271
05504107
02687385
05302499
03183080
01394464
07326557
05559256
07747455
05199869
05565696
05319936
01906823
06806469
01261490
00715074
08419163
06652242
02578008
00419644
10309347
10752480
02573127
07170753
00911048
00679389
04179385
01899262
05314255
14061462
00149262
00662182
14562960
02690941
00772967
00752144
07555014
01363613
01650610
00703875
05512139
15274074
00654885
08107499
00666510
02724417
07997703
00974444
06744000
01150938
00359903
07214432
02701628
02116118
00720565
07180570
00607114
08550076
05284851
13096863
00849982
05560787
02108791
04687333
13550318
02842445
05112609
00570590
01898129
04868748
00875246
08401554
05349659
01072780
01708676
02389592
00004227
00903668
01342269
05797177
00431826
00030358
01010118
02451113
07370671
01904845
03748162
10592595
05142641
04762355
05342214
05652926
14006945
07300960
08054721
03247620
01712704
02500884
01474209
00053913
05772215
10568443
00689205
02310855
01999218
00031921
02782815
04377057
09633969
05280831
00707956
05143690
07050619
10020031
00013160
10668450
04623612
06686736
07528212
01180695
06123363
00121046
05601198
08060193
00209943
07272172
07121361
08462320
05237227
00131426
00700708
02697725
00914632
02257141
05479314
01023574
05829342
00377169
05544906
06633692
13929852
02376958
00971650
01206553
00657260
02979722
00953559
05614175
06766190
02560164
00919513
00545557
07993279
02579247
00096513
01375637
07175241
02550516
13981403
00835294
07956887
05379734
00991151
05478336
06472025
00873603
02500619
05505679
00734587
03082979
02666239
05568767
00360757
05154908
01280014
02130160
01115349
01410363
00644503
14333433
05952979
13583724
01635176
05294606
13971561
00803325
07208930
00776523
07491038
00704690
03278248
02567519
00689344
01456463
00948206
03779370
05825245
02598211
00706975
07526757
02242464
00947077
10407726
05444324
01789514
02635659
05435277
00352826
00429968
00378985
02444662
04686003
04826771
01072236
01751545
06371413
08109624
02645007
01191755
06200344
01906322
00813044
00647094
05603160
08310389
02563327
05692910
01011725
02391803
05474346
13989863
05761559
00201671
05796423
07529563
02621395
01813884
09798534
01212519
10624540
00296178
10605985
00862683
05573895
01309143
05289861
00820976
10686313
01802219
06798750
02110220
05385534
09800249
02650840
01626138
00147862
14299637
01557614
14452294
01519977
00805034
00719734
01029852
00876332
02416278
05570129
00952963
04849241
01340439
13985818
06528783
07976936
04081844
00140652
01686132
00904690
05750657
05986948
00672433
01634142
00763399
02434238
01309701
01190884
01129532
02245993
09868270
02106006
03045074
14481080
00632627
14578471
09206985
01767949
05835747
00003356
00784533
05316025
00156390
00704388
01182709
01151097
00947128
05511286
05310351
02129289
05313679
10484526
00827730
07494363
05289057
02316304
10466198
10365514
08081403
05544725
04846770
02201644
04626280
02301502
05305136
04669247
01447257
05758059
05779712
02107248
02428487
00656576
06078327
01215902
10721470
07372959
01635056
02660147
00422551
02256109
00956687
07495327
00644583
13576101
00261029
00191142
07428450
02553697
02915055
11415084
01672168
07490713
02428924
02734192
05651680
02466134
10418101
01567275
01241331
03959936
00428270
02549581
00250181
01782432
01643657
07320302
13537894
04151940
02624263
01668603
05190804
01762839
01912893
05279688
00240293
00471613
01796582
01322675
00185104
00794079
08058098
05313115
00041899
02128286
00761713
00836788
10335246
00402130
05298729
01315613
00940709
03954731
05467432
05633385
04631298
13872211
00604694
06284225
05495981
10487182
02610628
00672277
00322457
03728811
05311054
00081725
08103457
05405554
02600255
08208016
01080366
05309725
01209953
01135952
10082146
05584928
01089778
13986679
13760316
13365698
07323922
00198451
05604535
07232421
01462005
14412882
05313822
05593017
05459953
05585383
01194483
05869584
01439190
10729175
10590339
09862345
01800349
04576211
00258665
02603699
07348399
05433496
00940384
01028748
00040962
05281189
03533486
05333777
02189714
10012989
04850117
01187810
01947266
00163592
10423589
01170962
09801864
00918312
06346681
13987423
05563034
02660819
00941777
06252138
02354537
01140839
01368192
00079398
14379501
05376844
00272878
06628861
00996969
00283127
08406486
07230502
01931768
01195536
01478002
01641632
02333689
02344060
06722453
05555688
13792692
06727616
07311115
02609764
00186616
14547369
00754118
05788149
02376089
05540121
00317207
03839993
08457976
07252764
02379528
02294179
05532795
03154073
07543288
02056880
01241073
00732960
05282433
00199707
04544979
00964569
00922327
07217924
01735308
13962166
06763273
00055539
01279631
01808626
07291312
07292694
00972621
09681351
05467054
02735688
13086908
05919866
00635850
01147451
01249315
13278375
10150794
05682570
05581693
06591442
05917477
09877587
00382635
07355887
00898518
05217688
05305806
05501485
10000787
02143539
07521674
01237415
00967625
05300231
01209678
00900070
02869563
01017987
05999266
01057759
04980008
05823054
04599396
13859043
13253612
03365592
10524413
00056334
14285662
05297523
01814815
03571155
05598147
02373015
06199142
02050132
13413493
04016240
02625016
09802050
00590518
04110439
01059123
04761212
07491981
05808218
01634424
07138085
00882159
01127019
01312810
01372049
04016576
07037465
08081668
01208291
00081836
10339504
05461816
13458571
02504562
02699141
00644839
00213186
01950798
02713097
02479990
07493280
13928668
01070777
05200169
02432530
00126264
10425946
13570574
06880249
06045562
01020934
01333082
00672017
03738472
00518395
10728624
00137313
09614315
00202236
00905399
03526198
07096661
05320899
00849523
13920835
00042457
02561332
05340599
00280586
02607909
00090779
00024720
00929718
00834198
05290756
00732224
01009240
01014731
05254197
00019448
01130169
00835267
00838098
01822248
00802946
02569790
01095753
02676789
13299651
02569130
05593476
05329215
01824244
07203126
00428000
01198750
02121511
02713218
03748886
05475681
00331950
00600724
00064643
04321238
02626604
00040804
04616059
10126424
07414922
00238527
00006484
02427103
09979321
00059019
00360650
10490699
06593099
10205985
00090186
04668819
07212424
00411020
01247647
01871979
05556943
10737431
01865197
01239064
07423001
06259898
06764244
01629958
00005041
01642924
01734300
01412346
10053808
01101913
10363913
00482893
00101779
00004258
00698855
01008801
01211339
01815185
00239910
00837288
09882007
00362355
00789906
03840327
02464866
05168261
09608709
00908351
05471629
01775535
03335030
05773049
01230710
01105639
05827684
07203696
03161725
06004067
01703326
02451370
09952163
06364329
02566528
01195867
01900150
02554647
00301187
00446493
02385634
05128519
01855606
00426928
05233420
01771390
05576194
06757891
13286640
04828925
01206218
10794014
01106808
05472032
00719231
02286204
01684337
13308864
07491708
00969873
00123170
00909363
15271008
06384708
07528470
05692419
13870805
00290740
00476819
14004317
01631534
00965035
01323355
00141806
03181293
00927261
10428004
05831939
06725877
07515560
04863969
06733939
05555473
02707429
02408965
13282161
10401639
05329735
05594367
07985223
05540407
00575741
00075135
04892084
01319874
07951464
10407954
14866889
00283568
01354673
10789963
01023820
04910377
00635012
02851001
04231693
08166187
05748285
06741099
05776212
02340543
13576355
04827652
13927383
10466918
02031158
02556817
10564224
02436349
00347610
00257269
02853449
05610008
01644050
05316175
00588888
05722427
10717589
05945642
02469274
02231661
06671637
00479391
01014066
00631737
04662951
05280998
00044673
02526085
00237078
01001689
00726300
05578740
10670310
01019372
00879356
05650579
13265904
13428159
05464104
05003090
05217859
00645415
05397468
13440063
00040325
00248977
01147060
05595531
04841358
08482271
02678384
00249501
00939277
07500741
00558371
00055871
02055062
08008335
00961329
14050143
09304750
00664276
05236152
00248026
05500992
01740892
10209082
01220636
01107932
09190918
02255462
02005756
02550460
09901642
00488770
00066191
00903711
02982790
00896497
00391599
00156812
13457378
04906273
04829282
00064889
00833702
05761380
00467451
02143283
06060845
10665698
06379568
07319909
01209220
02157100
00799383
09632274
00859001
09773962
10509605
00728849
05978623
04096848
05840188
00933821
00081572
02383831
04413151
10308275
00876874
05941210
02012344
05752544
10763245
03076708
05544078
00918872
05325378
00981276
10080869
01821423
00353782
01194238
10209246
13089631
02318464
00932624
03894379
06075527
02440523
05474976
14445749
05293773
13576982
00157081
05582305
09626589
00116376
07201804
05387167
00590924
01654628
02820210
01447632
05806623
00008055
02540670
00703512
00610373
00205891
05566504
04773596
07417043
01796800
10634316
15144371
03485997
05337055
02310007
01423285
05481095
03269401
02728763
01494310
05473928
03093792
05395286
00024264
00548802
00608808
01194938
01015244
05344848
03091374
01350449
06756407
02528163
05199286
02506546
08108972
00638585
10418841
04879092
05475878
02662297
06552639
01604696
02262542
05485314
01886756
06765044
01640855
05386845
04007894
10658304
08623927
05533948
10722385
01321230
08111157
07467846
01212572
01239359
01560731
00042541
05121418
09505153
00071178
02657219
00023271
00119074
02112891
01072949
00483146
07252378
00760956
13970764
00701040
02260362
00161243
15291199
10510339
13553916
01631830
02034986
02614181
02447542
05176477
05585205
00372013
08660339
01127245
09465459
02291843
02656763
03721797
00034213
05445668
05546383
05593654
05538625
04713332
13860793
00893741
07006951
01023259
01178565
10212780
10271216
13266170
00388065
00315986
00927017
05650329
10752093
05839024
09979072
05493303
04080833
01776214
00947439
01226240
01127795
01096245
00159620
15047313
01623967
00637259
05534174
03398467
01193721
10355449
06742426
01777210
10280674
01666717
00612042
10292316
02541509
00594058
00494907
00788097
05566097
00150202
02981759
00588998
05624700
05785508
07487695
01922763
05547508
05501711
05651399
00732552
01034925
01018630
00680841
10068804
00854000
01322509
00043411
06398401
01158872
01880531
15267536
00652466
06741305
01033458
00093483
05596004
05430095
00900616
00902424
05217168
01770802
00157957
01076615
00607780
10731244
01732172
06732710
00631391
13989627
10301261
02169891
01656788
00655779
05605192
02514825
10518194
01101329
05978159
05220461
13814041
01820901
08419562
13968547
11414608
05701363
10786517
10660333
15180528
05755883
09385137
04693900
01226215
01661243
03674440
00164816
05761918
00976653
06171040
00002452
13367593
01787955
01989669
02735897
05765159
02131072
14007546
01548694
10773394
05032565
10077593
07176682
09849598
00148978
05941423
00421437
00904046
04176528
01921204
01508719
00923321
13470491
01336635
01432353
08082602
02135389
01462468
10369528
01463963
01644746
01220984
06193203
00958896
00064095
14379829
02604760
01822936
00394610
00151087
04890112
07248507
07325190
00127531
01256743
00611256
05588551
00916464
02421158
05271814
07093895
01260867
02945820
00892467
00592883
01332730
07162680
01058574
01548193
02673965
01698271
00633443
00431552
05675130
02712243
05810948
06773434
10483890
00061290
05536370
00723056
01762283
14324274
06763681
06552984
02118933
05367735
04033995
01588172
14411981
05267548
02230056
09803429
14051917
02372605
00692329
14492953
13526110
09621545
00636061
01157517
05267345
05109808
09880427
05703429
05789432
00685638
00003316
10373801
05404074
00989084
06153846
01039140
00528990
00673766
01191838
02556126
08478482
06613056
07151380
05313535
00351485
10480018
00618682
05543177
00874806
02008066
00026192
00921738
06783598
01032040
00100543
01804961
15265518
01126961
07247071
06013741
00418903
00829761
01069125
01295275
01641914
05543917
07324673
04617562
05775081
01230965
10090498
00853776
05248181
05544575
10401829
06598915
05327134
02464693
06136258
00893955
00874067
13954818
00318035
01474513
05702275
07202579
01345109
08307589
00641252
05984584
06324475
09802239
05840650
05591256
07342049
05916739
10138767
02991048
00597915
00206998
05532944
05529286
00895304
06878071
05733583
01021420
03601638
06066555
02199590
07514345
01333301
01131197
00532892
05705184
07527352
02051031
10143725
00596644
00173338
01198779
06208751
01092366
07452699
00699815
00355547
09629065
06090869
02501278
04840011
05849789
07208708
09767197
05793554
01831531
01644522
00046522
01796519
01932973
04713428
05510702
00002573
10046527
05141222
03511426
05804491
05542193
00886281
05517578
02895606
02072849
00803815
00121865
13777344
05320362
07373602
00603298
07337390
10256537
00849357
00767826
14034177
09184975
10099375
01082454
02036578
01041762
00802318
07452348
00818466
04869569
02623529
02378623
01281611
00010435
00544549
00927049
00105333
13743605
14864360
02796412
00964343
05293597
05547396
10707233
01492052
04867130
01348530
03224032
00834259
01240210
02756098
10066732
01256332
01753788
06671484
01183573
00019792
05770926
05124057
05343718
00190115
10075529
05807306
01617192
02341266
00171590
00351963
02367363
07513508
01989873
00671190
09623038
09629752
09469285
00912960
00916909
00643473
01181475
04627000
02679899
02766328
10336234
00224901
00418025
04910135
09784443
10741821
00589624
07942152
02290956
00856824
00950431
01189282
07524242
00713818
10770059
00942234
05385161
00091311
05299927
02858231
00739340
00715674
06691442
01680756
07423365
01285440
00962447
10399299
00334996
10409752
00205885
00771632
06687178
00109660
03838160
10332385
14563564
10240082
10041195
01968569
10637635
04630689
01440801
02247977
05872982
02609203
10722575
00612612
10720453
05301908
09998101
00765977
00715239
10090020
01761706
00485609
03536348
10438172
10708454
00609953
00033020
04007664
06377442
03540267
00037457
01827858
01129977
00806314
00094001
01992503
08069878
05833840
07480896
05502556
05682950
05395690
05615500
10716389
05339357
04872531
01093587
13244109
01197980
01590747
05854812
13285176
01544692
01035530
07409592
09815790
00038849
06743362
00928630
00396703
02679415
13486671
00211110
01323449
02326355
09628382
07450651
00663353
05562249
01771535
05263850
00668099
02446164
07151122
05503705
10584318
05305614
01738774
01159655
13989051
01366718
01979241
02154508
01545883
04683453
02616713
02419073
01156112
02620724
00881649
10524223
05738625
03050026
00683280
10001058
02458103
00354884
01072072
10160012
00907930
05809192
10251779
10235549
00926702
00652346
00676450
00721098
09184834
05770664
03323703
14322699
11414411
00360143
01041111
07546125
01835496
02603673
02343595
00094240
07496755
11410625
02619924
01554799
03055809
09985279
02229055
06428646
03597469
00152887
00739082
06333653
05888929
00886978
02171039
04208210
05718935
05502090
06511874
05544432
05967977
00239230
00744758
06693198
00212173
06196584
07480068
05816287
01996574
05984287
04519536
05594037
02669081
05324553
00043765
13742358
00054628
00875141
05230603
01635432
01113068
06470073
01237167
01870889
06598445
05989479
00140123
02137907
07199565
