14406573
00218045
04592741
04007664
05220461
09893600
00963570
08058098
09612131
14061462
02556126
03501614
02569130
03154073
00013328
02450505
05301072
00927261
02707429
00965035
00807461
03571155
05199286
04485226
07133701
01198779
03156405
15003969
00261029
00874621
06080522
04424418
03624134
00282485
00237078
04773351
01545883
05343718
00920336
07456638
05941037
00757544
00806502
04660536
00024264
05845140
02962200
00679389
01423285
00199130
01646300
08406486
02887970
05784831
02747709
05313115
02733122
01843055
02583545
01592456
00734348
00776523
01281611
09802239
05736149
01973759
00407090
00164345
09833997
02536557
01136519
01040707
01258617
00205598
04618070
02888133
11414608
02735688
08239808
07546465
15145171
01126360
01685601
02373015
00673766
05543177
02367363
00880269
02151625
01390616
01026975
02166460
05221895
02427103
03892891
05264756
00168658
02566528
05470189
01601234
06470073
06783598
09379111
05539138
01437254
06601327
00426581
06634095
04552348
01686132
02660819
00511817
00403609
04576211
05556204
05978623
00776059
15257416
00419644
05609884
02504562
13968547
10150794
01846916
01104637
05596004
04250850
05907682
05784242
00921300
03499142
00918872
07160296
15109745
05535484
05329735
02127358
07201365
05373924
01309701
01767949
01092366
01967104
08478482
05564323
05827253
05318831
05563266
09811712
05816622
05435477
01452255
00001930
06652878
02391803
05138488
04617562
03398467
05349659
01906322
14548343
00337210
05199869
01998793
01463963
00647094
10480253
00781000
00798245
00976487
02422663
00704690
05550330
01896031
05816287
00528990
04060647
01769902
05380697
04153751
01432474
05469032
03126385
04211356
00820976
01789270
04689660
02331262
02567147
00772640
10075529
01479333
14960090
04524313
01014066
01787955
10107303
01870889
05430095
02354287
06148148
06057539
00817680
00157957
02658283
03894379
05793210
00351824
01194331
03401721
01120069
00349369
01930874
05475681
05289057
05996646
00586262
02853449
01380638
01004582
10605848
06797671
02303761
00115157
00708980
05692419
00118523
05788149
10404672
01074498
00045250
02408965
06259898
03391770
05670710
00964694
05491612
05854150
01111816
01640207
03110322
05555473
01817130
02666882
05772215
00433232
06740402
00593732
02544348
05570129
00807178
05279953
00774344
01896478
00243373
13086908
06891022
04780605
00015388
07199565
13929852
01651444
05376844
04021798
13941337
05849284
04657876
10096217
01818235
02733187
14037011
01079172
00037396
01978576
10644179
05967097
00064479
02480923
07963987
02390470
07180183
04754440
02117333
05553049
10412055
00156390
04294426
04337740
13792579
07214432
05509889
14050143
06727616
00404642
01337224
06782019
05835747
05043973
00941990
04152387
07357388
01222360
05823054
10090498
00812580
09385911
01220636
05370410
01641914
00858781
01146576
05541872
05495981
01468327
01634424
00703512
00763399
00583246
07184391
06539178
05445668
03018802
07547805
05552607
05770664
02611630
02451951
00713818
05273822
00024720
02853218
10677713
10383505
02734192
05580416
02726017
01680132
06711159
01387786
01304716
05564590
02492362
03079741
00814850
00306426
02461723
00742320
00723056
13536016
00882948
05945642
05559727
06182144
03328201
00961001
05780104
00171590
10206887
05989479
06037666
03536122
00980453
05779712
05790572
01284271
06060845
01012360
01131473
06619428
03308152
02125223
01072949
00779061
01119169
00598215
02722782
01831531
05434557
07208338
00045646
05462057
14559983
02045790
01642924
00311809
00818466
00838856
10665698
02376429
07528212
00883297
03736970
02425462
03125870
14004317
00607775
06694540
01118449
02453889
07372779
02688443
07262579
02679899
05603160
01352996
01127245
01659248
01076615
01070777
07203126
02670186
13486270
01872877
01207951
01336635
00717358
00237869
04836683
07951464
01144133
02348324
07363883
05310351
01241073
01101329
01449974
05338410
02495038
01753788
06037298
01558883
01256743
04362025
02851099
00116687
05650579
10053808
13980288
00667747
01627965
02691156
05367912
01080064
01651293
02348568
05195362
00836236
00151087
02624263
05578442
10431625
11410625
05846054
05576950
01347678
09926862
10162194
05273684
09821253
02406916
09626589
07550666
02676789
02108791
09773245
05263850
05293773
02297142
01201089
07373602
07175241
05604950
02727462
13920835
02604760
07181043
03385117
01226215
10524973
07324380
10063461
03748886
02991302
02231661
04341686
02712243
00339934
10673451
02418421
00042457
06740183
00699626
00242583
02518161
13558696
01147451
07169353
00733483
00906367
00181781
02667228
10495756
00894738
05538625
02079933
02012344
05254795
01653013
01018928
02557199
00339464
05474346
00319176
05573895
07965085
02495922
01637166
05504107
00654625
04781755
05585205
07291312
01871680
00027167
05516366
07409592
07138915
10018021
00162632
10066732
00240184
05296775
04728786
05793000
01950798
00562398
00690614
00126264
00429322
00732746
00261405
04341414
05562249
00839619
04863969
02455407
10178216
03005920
05290756
02304982
01853696
07080868
00550771
00835294
01468058
01643657
05566504
05395098
05301392
02324478
00928630
01302019
01244410
07160883
02531422
00567044
10741590
02586121
06693198
01157138
09963914
05568767
01989562
01894758
07325190
00683280
00609506
05792842
04473432
07452699
05254197
05314255
08064130
07234230
03501288
02634265
01009240
01231252
01441100
13961642
10641551
05311054
10401829
07140659
00407535
00318735
08462320
03180969
00575720
15271008
01063697
01613463
05566919
15257692
04320126
05616246
00575970
01082606
06376154
05595083
00431552
00775831
05123416
00022686
00157081
09617867
00931852
01767661
06253518
01353169
05545212
13904843
00947128
01439745
05318606
01169744
06757057
10205457
01974062
00238527
00893435
05930736
02889425
09976429
00893741
06731510
05558717
01015244
07170753
00270215
00256507
01624633
03183080
00123170
00033020
03323703
14877585
05261404
02232190
00383390
01555742
01097960
01642437
00623151
10209246
05217688
00561036
01125429
08572467
00403401
10214062
05143690
01899262
07246036
05941210
00794079
03328076
02848523
05917477
05633385
00874806
10256537
01752884
01771390
01619929
02559752
10482220
00566298
07514345
08242100
09901143
02388950
00019792
04800359
02387034
04827652
00141806
01478423
01617192
06691083
00257535
00483801
01238424
10631941
00869126
05528854
01559055
00893167
05565696
04164989
01628449
05551711
01511706
05344848
00788973
08199025
10660333
05479314
00775156
10019888
00338641
05467432
10349243
15055633
00336922
11419404
02600948
05468849
10213652
03658858
00023271
00633443
13440063
04726938
09613191
05797177
02002720
05294819
05370918
04635104
02796623
00862683
10212780
00842989
05465868
00981083
01061320
04360501
02285629
10609092
01016316
05148699
02686568
00121366
05577741
07151892
01933900
01762528
02840619
01014990
07272172
07245125
01763813
05297523
00385791
05533948
05838176
08482271
02468617
04781349
01346003
00476389
02128286
00005041
05472032
05534174
06649567
13812607
02073714
01759326
05461816
09609871
03526198
07292694
08081403
00239230
05595531
15140892
13773361
07550369
00020827
10003283
00376063
00283127
01212572
01629958
05611302
01754105
13583724
02608823
05599203
05373790
07138085
01322509
08132637
01138670
00205349
03510583
01631830
01509584
11665372
01221790
01646866
08621598
00900726
02450256
02439501
02451370
00943281
00706243
05284851
07162545
05225602
03122748
00927430
00955148
10637635
01855606
07159791
00166146
05501485
01198101
00055633
00813790
05142180
14298815
01512259
00834198
05593017
05854812
03918737
04773596
02082690
07200813
01848465
07445896
01963942
09610660
02592667
05037813
02147109
05577190
03964744
00812526
00919424
01017320
04897762
01647229
00004475
01609287
05555688
05249636
07251984
00766234
02130160
00806902
01261974
01094725
00938247
00746718
02230772
00479076
00953559
04852750
00831651
08376051
00831191
00903385
05503705
01460421
01353226
01255967
05901508
05379734
01279631
05601198
01211339
01127215
14841267
04895246
13561719
01256600
07518261
05510173
13860548
02736778
01791535
00433458
03335030
05553288
01451842
00202284
05303402
07162194
06260121
02440244
01211019
00190999
05902545
05386845
00904690
13928388
00019613
09998101
10363913
02448185
07339329
14287113
10203949
09470550
01943406
02463403
02440523
03100897
04384016
10438172
05286536
01073995
02019716
05982152
05256085
09178821
00004605
09632274
10708292
01377032
14419164
00069295
00635205
06532330
07323922
00630223
13907272
01316619
01925372
06389230
00728641
01769843
02915055
00002573
03619396
01137138
02202384
07548366
10484526
01145359
02687992
03738472
01420765
01970646
00170156
02376089
00954608
05314075
01772960
05271383
02895606
00565302
07324673
00334935
02718543
05888929
03530910
03967942
02128873
01996574
04683814
05432736
02510879
05651680
02202928
14299637
02513740
00635012
00728849
00739662
13911151
03944672
04828255
06598915
02106006
05269901
07540866
00830761
13962360
13962166
03700963
04490091
03536568
10681194
05268965
06598445
00655779
00753428
00191980
07528470
02581073
06628861
05560244
07491286
03450018
07445265
05572940
01932973
06200344
05916739
13810323
00302394
06650701
06197664
13910384
00767826
07248801
07252378
13982357
05577410
05383467
10741821
05433496
07283608
01090335
02378623
01169317
05217859
04019101
13413493
00601783
05051896
00728975
05919866
01126961
05833840
01225783
01021420
00732552
02656763
01253060
02662297
00376400
05544078
00852506
05305806
01653873
07296428
05984584
00446493
03295928
04662951
01211098
06757891
01241767
00185857
01505254
05352433
01160031
01194483
07423365
05898568
02262542
02724417
00802318
00735936
07242104
10731244
02035337
00908492
01205696
01229938
05444324
05418717
01072262
00182213
05495172
05540121
05826469
06634376
10249950
11498040
02340543
02609203
01887076
08061042
05329215
01457954
05634219
01209953
01016832
04761212
01070102
01381549
01039162
13555446
02037708
14311348
15258281
01127795
01825671
08189659
02137132
01988080
04616059
10435988
05510702
10335801
02610845
08381636
00138956
00156812
05544725
09614315
01468576
13793776
02020590
10665302
02713852
06633363
00976653
09773076
10162991
00876442
10214637
13526110
01999798
05532795
00026192
05654362
04281375
05585665
05593654
02713097
05986948
01170813
06000400
06786629
10615179
01449053
06740644
02945971
01135952
15180528
13859043
02072849
05701363
01602318
05405946
10498422
00747418
02554922
10794014
00115036
05426243
03384535
00043411
01215392
01282014
05563770
00431893
00972621
00003553
11412727
10533013
02436349
01824244
02743261
09631129
13572436
03129123
00900070
01506583
05501711
05602548
05324553
05789432
04668819
04723816
05275651
02432530
00626800
01115349
07168623
09962966
01375637
01658188
09855630
11452218
05436080
05807306
07161429
05230603
04050410
10336234
06253140
00829107
10428004
00958896
05280998
10538154
03061081
13096863
05339357
00503164
02087745
02410855
05464104
05576194
00603298
02400037
07450842
00198451
10191613
01311378
01078783
02407987
00908672
03081021
02982790
00165942
00442267
05395548
00248977
10418101
01351170
05385161
00629738
07162680
05320899
00778275
02743020
02111684
10724699
01619354
00041188
01261490
06741305
09962789
00927017
01873942
10738515
07370410
01835496
01108148
00836788
01123765
00672017
15113229
05816790
00634472
05579944
00941974
01989873
02700867
05872982
05578251
11498203
01230965
02201644
02037472
02877704
01883716
03294833
00381680
05465567
01887020
02116118
01227675
02702120
05785067
02286687
03278248
02719399
07204401
00804802
08550076
02157100
02469274
00796315
06722453
05296253
07363346
02387486
09629752
00606370
02471762
01476483
10418841
02259829
00404222
00002452
05831784
01462005
01344293
00279835
01986869
09755241
05735478
01635056
02045043
00258854
10035809
03464467
02766328
06539770
00643250
05967977
01392080
00557588
00124880
05289297
01206849
01076793
00002137
06687178
00632627
05578740
15282696
05598147
04059701
00765977
01788733
13426376
00331655
00729108
07183151
10114897
09939313
01990281
05352291
09798534
01507143
01782519
00905852
00439826
00878136
00345761
00727573
00991838
10694258
05551318
00916123
02713218
00031921
00911048
05692910
13780719
04187233
01027668
02188699
01309991
01100145
00125841
00771632
05267548
14755804
05602132
00239910
00692329
02911158
05298729
01230241
01407904
00989602
01230555
00591236
09224911
02603673
05447599
01649999
00875394
06740919
00013160
13760316
01230283
01051956
02983097
05941423
05597594
02608347
05367341
00137313
02505141
00065184
09977660
05560787
05536370
05237227
01940403
01156438
00033615
01147060
05387395
03365592
05512139
02625016
02585050
10032676
09437454
10261041
00014549
05496990
10578762
00347610
08626080
01494310
00199707
15255641
01770802
01556921
02108377
00805034
00813978
10791221
05529159
00960851
02994448
05926676
02228031
05726596
00599992
07370270
02616713
01904930
05600637
00455599
05544906
02603699
01516534
02615079
01732172
00539546
00879356
04869569
02486932
07250339
00773402
07370125
00662589
10745894
10684630
10716005
10709529
02506546
05237755
01079480
00155143
09615807
00001740
15140405
01224031
01454810
02290956
01475282
02469914
02419773
00770270
02678384
00782527
00734587
10439851
02991048
05236152
00714884
04014297
06090869
00771961
05500594
04080833
08060446
05272110
00205046
10695555
09762385
05828102
01170175
02701775
02932019
05051249
00388065
14477667
00939628
00131018
04530283
01435380
01049685
07129867
05590740
01130169
10334957
02094569
10355449
10407954
05704096
01210737
01077887
01840238
04826235
07365849
01046984
05474738
01549719
01841079
05818741
01632411
01631534
05462315
02159955
00322457
01645601
15265518
00925207
05785885
02842445
00929718
01808626
05952979
05275466
00492677
00766418
05190804
03840327
00800940
05582305
06199702
01173965
01999218
02665803
00829761
00628491
04812268
02190166
02766534
02106506
07993109
01628302
00082241
00046522
06738281
05593871
00803325
01990694
00327031
00113113
00298497
02248465
00828082
00704388
15255804
05088324
05830059
01548718
00235435
05790242
00203342
02464693
01653442
10035430
09606009
06528783
11414411
00325110
06650070
09614684
02230247
00701877
01992503
01661804
01077350
04574999
00602805
05869857
00689344
00377169
00784533
02570062
09632518
11495041
01322675
00598954
00099951
05473928
00925873
01127019
06200178
00043195
05505679
01129920
10190516
05559908
06282651
14875077
00593944
02492198
05473735
00028565
10524413
02152212
01231652
01886756
14373582
00968211
15144371
00380083
01549187
00290276
06075527
05534333
06045562
01761706
01592774
05584928
02730568
00803617
01062817
02749778
03699975
08663354
06691442
00937656
00029677
00131426
01082454
10335931
01284461
09774266
03094503
05476754
00344040
05501185
02075049
14474052
00648977
02112029
13102409
00317888
01350994
00670261
07328942
05340599
08629508
05511618
01995549
01557614
01123598
01448100
01422886
15258694
01323449
02339413
02118933
05794694
00835032
00712419
05485314
00607405
14451349
00003356
05733583
07180787
05542539
06252954
00849357
01206218
06367373
01807882
00204943
00699815
00745005
02154312
04192698
05786372
01146918
01217043
00779601
02376277
07445480
05591256
14379501
01260867
05726345
02321009
06078088
01239494
04564698
00523513
10476086
05517578
02472293
00922867
04892084
00300441
10626867
04096848
07139316
10387712
05655119
05296639
00095971
03315023
05434927
00773432
00734054
07290905
02468864
00822367
13896369
02502916
00114431
01131197
03408054
01168569
05808218
01441510
14911057
03638883
00896141
05404074
09826204
06770275
01419982
00622068
00368592
00023100
01439190
00697589
10490699
00698855
00280586
06671637
06251781
01999423
04519153
02107248
05588551
00572489
05840650
02689299
06196584
04837232
07139700
01380122
05088056
05549061
14034177
09258715
00044150
00169806
00826509
00797878
02577061
01170962
07456188
02434976
04213626
07477945
01152396
00739340
02395782
04838210
13100677
02697725
05313822
00003316
00710005
08441203
09900981
05764197
07184149
02241107
02789271
07436100
00949134
04013729
02860389
00261533
05337055
02348927
06797169
00163592
10705615
02372605
10160012
00896497
01384439
13855627
05594037
00941777
00558371
02110927
00959376
02392600
05233420
02950154
00682230
00019128
04529962
00813044
04837425
00146138
13954253
00593108
05928513
01031256
09774783
02693319
00142191
05225090
05867413
15258450
07109196
00740577
02716165
00173159
00902424
00571609
02379528
04729328
02418686
05762149
10046527
13518963
05543917
02679415
05590366
10717589
10140051
01751545
01313923
02304648
06428646
04412901
01259691
01796346
01177033
03764276
00684480
01864634
01080366
01654628
01011725
09612291
00100543
00463246
05999797
05299178
01820901
06605897
00147454
00566135
10209082
01410223
02511551
06782680
07208000
02684924
00055315
07335097
05546540
05803938
00191142
04211528
01350449
00829378
00940709
10510339
00171586
06756407
00488770
04618781
02611002
02558172
05485554
00721437
15256245
03327841
01023820
10280674
05555917
09608709
01311103
01634142
02407338
05541645
10577284
00270826
10625860
01632897
01793177
00644503
00621627
01935476
00391599
01149470
02327200
02170427
01847845
05929008
04623113
01941093
05332569
10056103
03401500
08208016
00760402
01230710
04868748
02586458
02260362
01226240
00105333
00091968
05691376
02030424
00954311
07246742
03739518
05511286
10045713
05548840
00006484
07997703
04687333
02370806
01035530
00815686
09623038
00368109
04261116
01895219
00161243
05217168
02681795
05601758
00805376
05327767
01012712
05157866
05274808
08233056
01989053
00318035
14036203
10560637
02237338
02075462
01038666
05635188
05999266
05546040
09773962
07149836
00366858
02375131
00843468
05943066
01064560
00315986
05850823
05638063
09451517
01644050
03520811
02112891
00923995
06208751
10429965
05313535
00159620
00996969
02373336
00090708
01508368
04007894
00933420
10165448
00295701
00719734
08573472
05395286
05344514
01309143
09206985
08310389
04549919
00070641
05772356
05248181
01083077
09878275
02475922
05309050
10060175
05398609
07518468
04474035
00468480
09870208
10737431
05839024
00797430
04226537
00834259
00943563
01105259
01179707
00532607
00053913
02060141
00963452
06652242
10383816
09616922
14417146
00463543
10708454
01650610
00630380
07177924
00674607
13480667
01074694
13872421
00173338
14379829
02690708
00711550
00403149
00030358
06634239
00007846
01633343
05922651
05853449
00384620
05497363
03154446
00548802
05287882
09792237
07142365
05459769
10205985
04811126
00875246
10786033
14691822
01433294
01017987
00248659
05417975
01008947
00673983
01079873
00726784
01127075
02729023
14481080
02426171
03416329
06208021
07151380
07440979
02163746
00663353
05836275
00856824
01638368
01332730
05316175
05480794
04184435
00113726
03575240
10339504
01806505
05200169
04361095
01968569
05293597
05773049
02037272
05372428
07150138
04871374
01897667
00112312
07252764
02618149
07429976
13446390
05034225
02419073
05343542
05529286
13857486
15274074
15256915
02744651
05703429
02102002
04151940
13428159
05952490
02143539
02318464
01236164
14422179
14052046
00812274
02364448
05993844
10433164
02543181
05515670
01993549
02400760
05601357
02128066
01951480
05773923
09633969
02560767
00324384
07207410
05421414
01771535
00795720
05585383
01667132
02521410
06193203
00426928
01871979
04677514
01789514
01149138
10700105
01644522
00104539
01953810
01220984
05325378
02056466
02413480
06210363
03541091
00940412
07370671
04526241
07348399
10515194
01230350
01129876
01167710
00947077
00342980
01680756
00962447
00969873
03269401
05493303
07950920
05319936
01734300
00859001
00042311
02614181
01774136
05261566
06721949
02981759
02635659
02462828
02148788
05271814
04105893
02259547
00681429
05279688
04835724
05305136
10434725
06095022
01621555
00676450
02537812
02690941
10002760
00672433
01803380
15271417
03061505
01256417
01346978
00023773
00787218
05831939
02309341
01115916
04087126
05734559
05809192
01091427
05945508
05502556
14285662
00850501
13980845
08381436
00007347
05435277
14563564
00950431
10383237
02676496
07181546
05389939
10605985
00512487
13095685
10728998
00135311
00770543
00952963
09465459
02504131
10742005
00512749
05341920
01818835
02909006
00770437
00357275
07207273
06078327
06648724
00872886
01432353
01770501
06643408
04453910
07200527
10722575
00135952
01575146
01853069
09615465
01989669
07213395
01130455
05766247
13939892
00116619
01845720
02051694
08164585
01128193
10014939
02058994
01447632
07969695
05732756
05194578
14379130
08358594
06605396
06254007
07181935
03996416
04493505
01002956
00785690
00429048
01872645
06671484
07939638
00035189
07247071
05284333
01346804
09802050
09257949
02103162
00115667
00621476
10461747
10480018
05436752
10345804
00105479
05462674
05566097
05285275
00772189
02713372
00786195
11458624
10115082
05540513
10630188
10634316
00980779
04910377
00851239
13854649
00892467
01970826
07209305
06686736
02156063
07140978
01001689
05395690
00445802
03043274
14507951
05794403
01075164
10596689
10466918
01440801
02130300
01995211
14842091
00792471
07251619
00471613
05194151
10292316
01284908
02623529
04561548
00910135
01552519
00156625
05432948
02796412
00609683
05473104
07993279
01636397
00036762
05481095
00641252
13773539
15292069
01022008
00685638
02670683
05779371
05283816
01259458
00881649
00242808
07170467
05891783
01214265
01168961
00657260
00637259
06694796
01440378
07501545
09929298
05593476
04451818
02603540
00467451
05289861
00604811
14035298
06252138
01993926
00796976
14419510
05547396
03100490
01627355
09179776
05785508
01209678
00171852
00103834
00895304
01180695
07314277
01239064
05556325
05827684
15256022
00932324
04151581
01714208
05594367
09968845
00661824
08008335
00773814
02569790
00397760
01792567
00308370
04686003
07160116
01345109
02137907
00701040
05559256
07326557
03181293
13286640
01587062
00667424
05282000
02626604
01921964
02062212
07497976
00002684
10161178
00912960
05547508
02036578
02376958
00383606
10068804
05544575
05908520
00158804
05689249
05387167
04076846
01176431
08359949
05216365
01976089
01923414
00348746
00695523
02270342
00779360
00815801
10461424
01194938
00633265
02377703
00869596
02467662
02056880
01619725
05822746
14407899
02428924
01184814
07480068
00021939
05388805
00482298
00367976
10692883
02598143
02505358
10045454
09764900
05539595
00418025
01635176
03536348
01993352
02636921
01400044
05532225
02212825
04254777
04019696
00167934
06511874
05578095
00331950
00043902
01012073
02742638
05328867
05823932
05574151
09961999
04275661
05367735
01165692
00004258
00034213
03387016
10285762
00201671
00004227
00971650
02115778
00207418
02589576
00795863
03733925
01447257
08651247
05694791
00625393
02517202
07238102
05602835
00588888
00940842
00707956
01008378
01405044
00958880
05467054
09985279
07237758
05563034
01088381
00613393
05837957
07109019
00155298
10771392
02698944
02897524
07361128
02589013
03839993
05803379
01237167
00798539
00109660
01637982
15142167
07212190
05442131
00198631
05624700
05147940
10380305
01008801
05670972
05817396
01239359
05333777
05504532
00780191
01430111
01158872
09279458
02685299
06887726
00803815
03424862
00740053
05064037
06732013
13924659
02153959
00037457
05314639
04661151
08510666
04861486
09775663
13576355
01803936
06083243
00992041
04081844
00933821
01106864
05397468
05035961
03294048
09873348
00140123
14578471
10722385
00002325
00887081
00029378
02463205
01378556
05124057
00835903
01554799
10510546
07201804
01593614
02730135
08054721
15257553
09184975
00125629
01478002
00765649
02554647
03746574
02145543
02668523
07205573
01098869
00835267
04669247
03730153
05329533
00956687
00999787
00931040
02037989
05978159
10495167
05537806
00672277
00874067
02510446
02354537
05532944
00753881
06123363
00386915
01850315
05702275
01173038
00930368
00439343
05549830
00964343
02213074
00367685
03623556
00772967
10782940
05599617
01807314
02154508
09824361
05838765
05332225
05301908
00040325
00575741
00038750
01506157
00151497
05230357
01668603
00550282
00707366
05545047
09184834
15257829
05770926
05385534
05701944
01685313
01996377
04011827
00726300
00387657
00011757
10284064
14686913
00752144
02531625
07311115
00205885
01175316
05650329
00050693
07309781
00136991
02644050
09897696
07240077
03490449
00739082
01810447
10399299
01812720
09820263
00334509
00076341
02619924
01865197
00159177
10517826
05471629
00578116
05342214
00713167
05281189
02673965
00212173
04620216
01229976
02530167
02434238
00592883
00700708
10415638
04754237
00664483
00238022
05320362
00788097
00706975
00282050
05753564
01947266
03540595
06324475
05250659
00631737
00896803
03429288
07467846
01629276
13534274
06291318
00265386
00620752
01335804
04590553
01898129
03547658
03313873
00202236
00166172
05540407
10241300
01686439
00135504
06367107
05763916
01041762
01639714
04546855
14006945
07372565
10699752
09997404
03859958
04359589
13858045
09839167
