01019129
00926668
10466918
05225602
08322981
13980288
01122194
00642098
00906735
01115916
13812607
00836705
14514039
01996377
06253518
00019792
08064130
06394701
04250026
15271417
01004062
14875077
05922949
01526290
00540946
00427853
10085217
01239064
00181476
07375635
01675963
00090186
00344040
10544748
10481268
15142167
00590047
00706975
05748285
03391770
02131072
04320126
05689801
02261386
01548694
06687178
02221959
04821451
00048129
02743727
04716864
02630189
02765464
07419233
05784699
03259505
02635659
02870092
07305234
00022316
04768483
05018934
13779032
01206153
05984287
01118449
01745536
04934546
02146790
00102586
06732013
02620724
00162632
00733632
07565259
06210363
00611143
06057539
00754767
01063350
04516672
08549070
08513718
05634219
00775831
08107499
06516595
04687333
04359589
04096848
01746605
00387310
00606370
00784342
04014297
02049696
02027411
01313411
00945401
14412725
02349212
10720964
02717102
04473432
06502378
09910374
03744840
01752495
00153961
00359903
02389592
13359572
01761706
10634316
00114431
00206927
01280014
02386388
07171206
00772189
00295701
05430095
02523784
13561719
00143251
08660339
06252138
00930868
02440020
07961480
05689249
00943837
06760722
09878275
02581900
14938907
02208537
07009640
02918595
00808182
01336635
02321391
00101779
01171183
13518963
02530167
01345109
00042757
05772215
10355449
00893741
05758059
10034201
09632518
00953058
04726938
09927451
01155687
13773539
13813765
05248181
05293773
01861403
00879759
00770270
01628449
13865483
00974444
00726784
10379758
10507230
03116767
00055142
07519040
03547054
02261888
06482401
01218327
01734502
07370270
10792856
05267548
10249950
06255354
02708711
04711435
09775663
02079933
07521039
05277728
07351612
13405962
03800933
07187773
00073584
03964744
01369663
06522501
10722575
00121366
09613191
02694287
07140659
01239359
00689673
14046202
10561861
07162194
01815628
09882007
02214485
00947439
00747135
01374767
06135915
03377582
02069248
14036203
00949288
01552519
06312966
13342987
00650353
00903385
00611055
02528163
00610374
07387509
01732921
05472032
07389569
10518194
10029269
02284951
00630380
09898346
01462005
02537812
02974219
00156601
09632274
00165942
00849523
13367070
07420770
00673983
01186428
06472242
01152396
15277730
01564144
01556178
01548576
07992450
02301502
05423779
00371487
02526085
00214951
09617867
07375405
01080064
14451349
03146846
14371161
13560079
05831939
06208751
05563034
03281145
02412175
13342692
01329186
00356258
00612160
02723733
07505047
07252764
00091013
00539546
05511618
07080868
09448361
01659248
01996585
03619396
02634808
08403225
00689344
00921014
01727490
00258857
05556204
04149083
00537339
00670991
02056466
03838160
00002452
05237755
11511765
05710020
02343816
14001728
00964694
05285623
00648977
01636993
00298556
10378412
05124057
01233397
04780605
01143040
00648931
02629390
08188638
03103198
07123012
00665886
10564224
13512238
02465939
02378623
10538154
00958896
05131283
04154152
01170052
06471345
02008396
04754237
07367548
01978576
15253139
09911570
07500414
14287113
00869583
00307631
00031921
01426077
02468793
02163746
05610008
02796623
10082146
00203342
02937108
00916909
00782527
02554922
00732552
07226545
00495998
05435277
02075049
00932798
01821266
13426376
01686956
05535484
01626138
05562249
01252601
03671473
00672277
00926702
02618149
00702601
00082241
00422551
03018802
02710402
10210648
14580897
06770875
02471762
07386370
02422663
00805376
00929839
02435867
01180695
02725714
00617989
01298931
11414608
05430628
00960961
09609871
07050177
05125377
02486932
04060065
01755504
01225461
04332243
02336483
02945820
05781347
00309792
01484392
00571596
00203753
01990694
02806907
00191142
00607780
03242713
13576982
10553805
01166093
00765649
10391653
04027023
08574314
03278248
06711159
05896059
00906367
13486270
08055150
06771653
00244416
05731779
00047317
02340543
00277659
10523076
14591091
10000007
02468261
00217956
05237227
13989627
01698271
10488865
05807306
05823054
13459088
13572436
05735478
07135734
10365514
00220023
01139865
00521209
05952490
10240082
13939892
06650701
10068804
05944958
01848465
00905852
01896478
00859325
00001740
00044150
13331634
00958334
04160372
02641035
00301187
00678282
08624385
00717748
10786033
02371718
08560952
02694426
05044528
02151700
02465414
10687231
06891493
01212572
06427831
02556817
02458103
07497976
02234087
01002956
03137228
01292885
01054335
01101753
07497473
02267060
01346978
00112628
02427916
01418667
00990655
06764244
03005920
01818235
00900726
01841079
09243769
00257269
13600822
06467007
00525446
02476870
02012344
00318035
06037298
09791530
06709692
01121690
02985137
06582403
04937043
06598915
00276373
14037011
14379501
10034785
05734018
09810166
06045562
02434238
01144133
07070429
01127795
02299269
10520804
10418101
06873252
02881193
00251064
02911485
00069295
02297142
05857459
01040707
04861486
00781912
05800998
10204921
00995838
01930512
00896555
00834198
02409941
01053207
08679369
02511633
02244956
14854581
08435388
01731031
00013160
05772356
00045250
06253371
00116376
01063697
01135952
01241767
14877585
00346693
00082081
00133338
02610845
00374063
04729710
06523132
08612786
02037090
06677302
02809692
02889425
05418717
01666131
07974025
03575240
00943363
00803617
09615807
10563826
07366289
00820976
00230033
13446390
00325502
09821253
10319796
00813044
00058519
00714531
00453731
05677340
01610463
01011031
02522319
02290461
00788564
00870453
02147109
00200863
00735571
09476521
00427397
02818832
00363788
13968547
00367768
00310201
01060234
06608143
07138085
13732078
13470491
06254239
00372448
01857392
05781800
00844941
00783063
00599234
10150794
06782680
02690941
07500741
01195299
01432517
15226732
02354537
03659809
10743124
02128286
00915722
00914420
00752764
01048939
01173813
01011166
00604811
10468559
07273136
10661563
02505716
01825671
05432736
02179518
01241331
01719302
02603926
10525134
14333433
13485408
13525549
05548840
06761603
02056971
00768062
00836788
05869584
01572510
00917300
00294522
01929254
10203949
10115082
01791535
05700087
00618682
01556921
09873604
07353075
01037303
15109745
02979722
05459232
08419562
07039478
02068413
15144371
07324673
01497736
01806505
00426928
04474035
00874067
00794981
06376154
11473138
02282506
01867295
06709998
02082527
00929718
09868270
05157866
00028362
10700201
00927261
01105909
02586619
01291069
06539770
06158346
00596644
07254057
02340360
00791078
09822955
15272029
01116380
00902424
00364064
05395098
07414566
13458571
01704236
00649481
06568978
05901508
02533313
10565302
01210352
05585383
07136940
10670310
03878963
05064037
02490877
01666327
10078806
00927049
04211528
01967104
00803394
00747418
00785470
04209239
01501347
02297742
03570709
05828102
04590553
00612042
00121865
11414874
02539788
02808440
04681387
00121166
02933462
01487008
01405044
00261029
01161635
07963987
04836683
02728763
13955461
01139623
01753788
01217043
01704452
00939277
01628197
00173338
00404726
05761380
05652396
05197797
00725772
08512259
07205573
06532095
01202184
00697923
04821084
08186047
02678438
09851876
00163592
03244388
01701311
09258715
15244650
02426395
04007894
00583239
13864965
05661996
00901799
07162680
06647206
14285662
13366693
00559102
07335243
00205891
06199702
00976487
13484303
08664443
04546855
01256417
10693824
02942769
05395690
03735637
09801864
04892084
01127019
07358060
00367685
00509607
10037385
01032368
05546540
10286539
00879356
01455866
01054545
13903387
10786270
01853696
06722453
02384275
01013040
02707429
07518663
00062451
04248607
00909219
03295140
10191943
00264529
04490091
06291318
07071483
05404074
05211044
00752298
06817782
00952182
00013615
04764412
02218759
00052334
00952841
01415807
02550516
10559288
00716945
11415084
13971065
02425462
08558963
07270179
05290756
03525252
02357072
01588134
07014752
02034300
01133876
00893167
00788184
05578442
01035530
05256085
01425892
10212501
00250259
05765415
09915964
00712225
14007546
00550282
06392001
10161363
09831962
02128066
07343363
01301051
02051031
06714420
00575741
05794403
05032565
10336234
05388805
02348927
00646738
02262542
07450842
03536348
01904930
00779360
05979454
00938419
01641914
03084420
08103777
00636461
10442417
00847340
02037989
06757057
07160883
06605396
08565894
00730052
02356420
01627947
10030277
02678839
14048134
00239230
02119874
00712135
04447861
06364329
14010148
02187922
05641959
02627934
00670261
00184117
08057633
00037396
07214994
05928513
05869857
06628861
02070466
00380696
15265518
05785508
07950920
01071411
10732314
06346461
04729328
00892861
00048633
00363260
01989053
05736149
00708017
06756407
01803003
02372326
00983824
01072949
03010473
08426461
10534389
01684663
02231661
06389553
04321238
13555446
00826509
05705355
10467395
15254028
01102997
01369346
02265979
07013736
03221720
00027167
07223170
14578471
01506157
01654271
02376429
05805475
06751974
00845523
00156625
00844254
02308741
00191980
02577877
01532589
03213826
01323958
05559908
00626188
02335828
02408965
02472033
05660268
10757492
02180529
02406916
02807731
06171040
10380672
13152742
02568884
01312371
01661804
02476219
09944022
01831531
00236592
07283608
06743362
02203362
01466257
00048225
04194289
07370410
10725280
05229622
01299758
02679530
02385634
13547199
01220984
05280365
01037650
10381369
00628491
04039041
10266848
00643250
02025009
02499629
02675701
00019128
02665803
13554343
00336718
15257553
01212519
00795008
03918737
00102779
00824767
10703692
10438172
10517826
01181902
02309341
01214265
03065685
02403920
04735233
00383542
02158896
01194331
01049475
09349648
04748836
01538928
06589574
01030820
00276620
14853947
03424862
06880249
00494269
01448100
07243193
10161178
09998101
08510666
00392950
00631391
09882716
05951566
02789271
02752695
06524935
01068380
05821775
08198398
01439190
06387980
05133287
00632438
01222360
00359492
00036362
01503061
01082606
05854150
00311809
00682230
00904046
02685665
00035603
00090888
08179879
06252954
08482271
10786517
01588589
02219940
00511817
03894379
08491027
02291843
15141486
06256697
03051540
04669247
00282485
00719494
02914991
00353782
14704465
01226240
07970406
00724150
00925207
00104868
02577586
03738241
00095747
01138523
01567133
00428404
03213014
05296775
05153520
07138915
08208016
00079018
00635205
00751887
05952979
00205649
03405265
01656788
05854812
00941974
02883344
01302019
01092366
01887076
07951464
07272545
04451818
00841580
02159427
08166318
02372605
02842445
01250908
00978173
04846770
05327767
00900616
07111047
06066555
01620854
00991838
04019101
00368592
00630026
09310460
01482449
00336539
10399299
02337066
00636888
01171644
07476623
13960117
02456031
06566077
05161614
00586262
02005948
02037708
01261490
10757193
01084637
05566504
09943541
00811375
00426958
01974773
09958892
01051956
00240184
02019021
05623628
01126856
05249636
02679415
00815644
01061320
07963087
09769345
01240432
10166762
01976089
01001689
00017222
00802318
02171039
06776138
00193486
09928451
02851099
05385534
02995345
05721500
03431243
13989863
05261566
08368907
10150071
02179279
02994448
01053617
13844212
04940964
06684572
01226215
13814041
02419773
02321009
00190115
09823287
04004767
00924825
05810948
14052046
00104539
00828082
00350380
03728811
07252378
14479615
00447309
00949974
04105893
07313814
01206849
07547805
00939452
01209678
04620216
10159714
02472223
00855512
14483917
00390581
00352558
04956594
05387167
02670890
08651247
02320374
00928077
05600637
14864360
02407338
10168012
00999815
05651399
06420781
00651991
10214637
00798539
05035961
00940412
01374582
00887081
13773361
09923673
00215800
02241107
04294614
09875786
00952524
08377806
09961999
02270342
01315613
00896803
10524973
01560731
00306102
01693727
02215001
04837425
06742772
06879180
14031523
05147381
00066191
02063771
04085017
14499262
02459173
04287153
02311387
01461328
07300960
01439745
14006945
09629065
10451590
10012484
03501614
04782878
00338559
00715239
00794079
10370381
00912960
01548290
01104624
00415044
13258362
01372049
13285176
02703952
02153387
07514345
13790712
00471196
09937688
03882058
07140978
01190884
06608728
10599354
05538625
00740577
00038849
00219012
04050410
00631737
00706243
07477945
01705494
00037919
03308152
00614224
03579982
00031264
01295275
00977336
10205985
05504107
00720565
00860292
04081844
00171590
02697725
04472243
00751944
14405774
13536794
13945919
03354613
01163847
01352996
00506299
00375071
05133535
09901143
00592102
00270005
00468480
02040049
04524313
10791221
10067968
00732960
05595531
04551055
02323059
07362218
02461723
01887474
07644382
01316401
10665302
00737884
00205598
01989873
01209953
01262113
06724763
00342980
05367341
08062623
00933420
03932203
00485609
04314914
00186616
00157957
05701944
01734300
05344848
05217859
00021766
05497363
00797430
05783940
02418872
02235842
05282433
04865502
05797597
07647870
01041954
13941125
00397953
02278830
10549510
02076999
13905121
00125841
05651680
09825096
10596899
02740204
01867502
03541091
01587062
08119821
00406243
01293389
10001217
01651293
13928388
13413493
02711987
01134781
10415638
00348746
05820620
00647094
03322099
00045907
03430959
01644746
04531098
02454649
14778436
06003682
01588172
06734467
02640440
06161718
02204692
10046527
00495808
04750764
02428487
05434927
00928630
01138911
00531302
07528470
00122954
02700064
10178611
01469263
02334595
06284225
01103159
00730301
07122730
09984659
14425414
02219094
02295208
13947415
03049457
10428004
04552696
02056880
02755352
02572119
00903559
05823932
01378123
01213886
01280645
00084230
05462674
01313923
01478002
00701877
02648253
00796976
09966255
07373277
13576101
02681084
00246217
00022686
01557614
09792555
02958343
04802776
00421437
05047279
08056231
02702674
10720453
00004475
08061042
13792692
06733227
00795863
00732224
01414088
01332205
00444519
10264437
00391599
01995211
10003283
00319176
01259458
01128193
00234725
05051896
05650579
01845720
01021420
04585745
00597915
01146918
04802403
02034986
01247804
09608002
13087625
08233056
02761834
00698855
10387712
03194812
00475787
01208291
11498203
03401500
01049266
00372665
00300537
04285146
00709625
13480667
15283097
00048374
00920778
01540449
13780719
00746479
07201365
00621627
00713167
03363216
00952963
00662182
01845229
02395395
05112609
07534108
00047945
10483530
00414627
00583990
01400044
01013770
10409752
01039330
13333047
03117199
00692329
02687385
05564323
00084562
01191158
01078783
03722007
00105624
00786816
01129977
02153445
07335097
02702508
00126264
01027859
07232421
00055871
03330947
05075602
01139104
15224293
00849982
10773040
00729108
02232190
02471327
08436759
03840327
09608709
09622745
01992503
10345804
00973728
10648237
14407899
02760116
07133701
01147060
01498769
07238694
00018158
02014553
09376198
05550330
02622234
01306654
10642151
00109660
01310660
13244109
00146572
05544432
03126385
06885083
00046534
05510173
00637259
05978159
02409412
03432129
10034614
00888786
13899404
06748969
05770664
06731510
05802912
00924612
02133435
07747455
06258031
00044149
09798534
06394865
04606358
00152018
01033458
03017922
00075021
00728975
00959827
02511551
07371293
00105333
03412220
11501230
02237024
00090779
09867956
08122141
00831651
02383440
00010435
01454810
10624310
07423001
06372095
13894306
05728678
06892016
10308732
13247554
07941170
05269901
02741357
02585489
05691376
00463543
05481095
06875697
02735688
05993844
14403107
00212414
08473482
07202579
00263044
02625016
00394813
02706691
00786458
00251463
01872645
03664514
06507041
00815379
02612762
07130050
05692419
00081072
05981230
13945102
00040962
09387222
06726158
05121418
01629958
14285276
04261116
00798717
04898208
05329215
13791389
00522537
00240754
00075515
07355887
02285392
06349220
02539334
08266235
00795785
00041188
01462468
04750164
05920791
01253060
00124880
09821831
06758225
14940386
00839778
10502046
04161358
10060352
01921964
09777353
06389230
01570403
13940456
00598954
02394445
02081178
07185076
15236475
00883297
01129876
01850315
10597505
04895246
15256245
00611256
03282060
00618734
03682487
00727791
01732172
02106506
02653706
02116980
02685951
10679998
02282365
02165543
00878636
02560767
07185325
10541229
09960688
00040353
06710546
04105068
01144355
01633173
03246052
02730135
01276970
01651444
10339504
02529772
13307784
09981540
00940384
00686890
07231294
02444662
00829378
07170753
08406486
07247071
15140405
00341695
10482220
11690893
10383237
09929298
10611613
06811625
01876907
00973056
00463246
04188643
01990281
05479314
00946105
01101391
06343971
04362025
13313733
06681177
01932973
00861560
01609287
10055566
02443609
10582746
00040152
04613158
00262249
01613239
02840619
04767347
01438681
10423589
00368109
06629858
01232412
10252222
05806855
03691128
10069296
03365991
00752954
01110274
14525365
05217168
00198793
00796588
02690384
00712708
04552348
02504562
07212424
01782432
07390400
04761212
05313535
02460483
05660937
10340312
00021939
00003553
00776846
10024362
02522864
02128653
07365193
10633450
01754576
05574151
15295416
02687992
00532892
02213690
02536329
05816287
05855125
07246036
07410021
02427103
02736778
05300231
00607405
02742468
08681222
01973759
00875394
04198797
04446521
00868910
00056930
04766852
10475297
06780678
00403092
10292316
00827730
01930874
00719231
00544549
05654362
02603699
00730247
00043609
03167666
14015731
02656763
01012360
06687701
02573275
02309008
01531375
01778017
14548343
08101410
06539178
00611802
00852506
06153846
00971999
02851001
01225970
08059870
00170156
00512186
14418662
03744276
10731244
00593732
00986027
06397903
01076488
13268146
05117660
02278939
04864200
10553627
01134861
01738774
04837232
03318438
04152593
08567235
01664172
02724417
10484858
07090721
07090108
01020936
02500619
01575675
01896031
01328702
05765159
00679389
08566028
04770211
03695122
02189714
08438067
05220461
00467451
00112312
13491060
00101191
05849284
06798750
02507736
00335366
02501738
10271216
00819024
00390906
05038593
00095502
00205046
07109196
05529159
02378183
00795264
07313636
01566185
05268965
02140033
04876985
01350994
06254475
02663643
02357693
00931847
05933246
10645611
02581477
14578104
00051712
01017320
01788733
01038666
00208497
06000644
02567519
00331950
05625465
05775407
10160012
05773923
00147454
02420232
01160342
05830059
03493333
05674584
05289861
10583916
02169891
01309478
00928947
10609092
00751567
01846916
09764900
02607455
01356038
03197446
00929362
02469443
00163779
01288052
02632940
02728784
05534333
13889843
00910973
00440286
00334186
04990220
02150948
00882802
05282746
02616713
03109881
02666239
05202284
08106934
05996646
05302499
00931555
00980453
00948071
10372373
13555775
05303402
01006675
02392600
02115430
00815320
01688256
00872107
01199035
05395286
00241038
06633363
07120524
02541302
13526110
07213395
03503997
01226941
00717358
03746574
00081836
10155849
08132637
02388143
01162754
01490336
01538161
08592656
00923444
02891188
00783523
00590806
15257692
02551144
06286395
08191532
02073714
00635850
06470073
13742358
01636221
09631463
07012534
09855630
01967792
02281093
07248507
05604950
00264366
00414179
01807882
01764171
05978812
00756338
13740168
05755156
04461696
00909573
00508192
10801291
00252019
00955060
00386915
00419289
00775156
08324514
00789138
01516290
07495551
09795124
06766190
10215623
01316619
06713930
08620763
07959016
02600948
00111129
00545557
00002684
03320046
01987727
07991364
01808626
02052476
03699975
00119266
05764197
00419644
05261404
02237338
05803212
08180190
05817845
09880741
05774614
09964411
02467662
00799383
04564698
09612848
05943300
02386012
01184625
10399491
10140051
06787150
14450691
01628302
01187810
02887741
00947128
01878719
00003356
00588888
00166355
01158872
02685299
00292672
01591621
09770949
06817623
05017458
00804002
10269785
00158804
05831784
14840092
07215377
02541251
10247044
05279026
00364479
01101329
00368302
00315986
05549061
13911151
07087777
02148788
04329190
11444643
00046177
00162167
10509389
08160276
00900070
04728786
07258664
00849357
01138670
10738515
00404642
01642924
10066732
02991302
02248465
01647229
00190999
02294436
01233993
06355307
09974054
08497294
15153472
02009433
10140314
09629752
00808855
06400510
04341686
00935987
00978549
00494907
09962789
05445668
07311661
13454318
13990502
10740219
03984381
08462320
02604760
02373015
13872421
03169390
15046900
03526198
05936381
01787955
00710005
02537092
03194992
04633197
00825648
10658304
00899292
05462315
01878466
05585205
02654416
14379829
00566298
10729175
13266170
05792842
00588598
10583250
01127379
00369138
00833702
00557588
00062806
00086809
00621476
05138488
00233335
05034225
01072262
07993279
04515129
02255462
09963914
04007664
10480253
01255967
02208903
00555138
07139873
01189282
02560548
02076027
00635012
07550666
04422875
01160031
00896497
02492198
03365592
02796412
07548366
05850823
02480923
02075462
08208560
01654628
02624263
07098193
05436080
01356750
00407633
04361095
03004358
01627965
01921772
00954422
01130169
01700934
00363493
00831191
01474209
01705257
05171045
02422026
00527572
09954479
06796642
00644503
01225783
02747667
02043501
01718867
04693384
03659292
01803936
06793231
01023820
03182232
01859221
00512487
13506587
01809064
06732350
01252425
07445265
13489037
00827638
02150510
10191613
00949093
02077656
04076533
00023773
01033189
02492362
00377169
02329733
07227772
08559155
02984104
00474492
04631067
02540347
05397468
04608567
01643657
08630985
01706129
06153186
06256229
14562683
10630188
07423899
00713818
05556325
00293141
00804695
00248026
04660536
00636061
13286640
10035809
07340249
15286042
07433662
00663353
01877620
01690294
10486349
00884011
06648724
07262704
01412548
01817314
03768346
05785885
00171127
09824609
00136991
00140652
06182144
01015310
04161981
00922144
02584643
01435380
00297507
01817500
01233027
01016778
05294819
01759182
07301336
01012712
10249459
05651242
02590340
02424652
00141806
01376245
02066510
02525447
01247647
06742426
02460502
05721180
08593262
05333777
10420031
00684480
09974648
02256109
00033599
06333653
02170427
05840650
00949134
00402130
10100761
00289082
10079399
15255641
05591256
00306426
07337390
00283911
10617193
00729378
00404222
03614007
05543177
10383816
14451020
04162706
10695555
01489465
06418693
01164273
01428580
08566554
00107943
04602044
03180969
00941777
01182709
00336922
00418025
01650425
00784388
00422090
05151088
05168261
00945853
02297948
00964911
02058191
07570720
01340439
06099269
01117164
04981139
02137132
07560652
00784533
00154233
03696065
01083504
02453889
02749778
01680132
00895304
00182406
03882611
00464894
01156112
04526964
06043075
02858231
01394464
10522035
02681795
13265904
13275288
14442933
00708128
04321534
03177349
00596807
00721098
00381013
00024264
01129201
05776015
01808769
03323703
01000214
00993014
13932421
00279835
02727039
05084201
01855606
01986538
01653442
05980875
00908492
04151940
00140900
06504462
00474017
01583656
03619890
00879607
10482054
09773962
01747717
02776205
00266806
08578706
02577755
01800349
01458664
07345593
13986372
08565701
01711445
04250850
00971015
00471058
01588858
01569566
03294048
02660147
05367735
03906997
04635104
00392093
04412901
01870867
10036266
13275495
09912995
01531998
01538310
00690614
01279305
02537960
00699815
08054417
01817938
00166172
01783158
05893653
02589576
07436100
00052500
08146782
00334996
01123887
01767949
07518261
00015388
02690093
01085098
04004210
04770911
01639714
05699434
00546389
04176528
15256022
07328942
02524171
07222823
02304982
13927383
05779712
05820170
00754280
01821423
05560787
05590366
09624980
00696700
14403282
10513120
02367363
10338707
02029663
00200397
02655135
02701210
02418421
02471690
10266328
10741821
01979901
10307234
05697976
02157557
00042457
03621049
00582868
07331400
01632411
05344514
02853016
01207951
00154433
00034213
01211098
09944160
04679549
02637202
04897762
10784922
07248060
05537576
00510364
10556518
00785008
05296253
08677628
00975036
01032040
08513163
01224001
13896100
01846320
10209246
00151087
09784707
10457444
10756433
00563824
00888009
00403466
00696189
02016523
07252206
04076846
07522128
01970646
06598445
03103128
05846355
01148614
13273550
02498320
01378556
00213052
02262139
03222959
02495922
06410904
00611481
00103696
01079480
02661252
00773432
09225146
09847727
00455348
01662118
01190277
05797177
03579538
10252547
10691600
07333649
00684838
10334101
00598215
04051549
10393909
05669934
05718935
10285762
00824066
01080366
10284064
05379734
05770926
01909397
03269401
02545578
00817680
04153751
06259898
00277569
05320899
02432530
15258694
01580467
01412346
14513259
00150287
14561618
05601198
02659763
02399331
00418903
00081725
00921300
03243625
03419014
00796315
01221790
05510702
08101937
09754907
07272172
00936620
04184435
07332691
01649999
10434725
00854420
00908099
02040054
00708376
00329031
00753685
08081668
03120029
07488340
14498096
01741446
00064479
00275607
02153709
09921409
02003725
13960464
01970826
00691516
02715229
00056688
01243474
00154778
00751145
04928903
00229260
00876874
00908621
02064745
02478936
07416714
02676054
07334490
02314658
14445226
00429322
05338410
11447851
00278555
00809465
04639113
01612053
01666717
05985999
00464651
01834304
05806623
14842091
01062555
09442838
05937112
05702726
01131473
05588551
14841267
02071627
00314782
05653848
04997988
07289014
01959294
06609503
01907258
01290422
04847991
00024720
10694258
00618878
00600370
00841986
01818835
13777344
02364448
00629257
07410207
05703429
06753800
01810447
02440523
13924659
03416329
02229828
01719921
14818238
14485526
01433294
02327200
00933154
07975026
00608808
00980779
00062133
06013741
02701962
02728142
01824244
05836275
02517442
09897696
00971650
05828263
06193203
10363913
01124794
01194483
01264336
07882497
15274863
04683814
07405893
00263947
02551832
02212646
00592883
01343918
00476389
01506583
01177314
13365286
02452885
00033615
06359877
00588998
02733122
10728998
01679980
10576316
00575970
00043195
01848355
00932088
09465459
00414409
05718254
10268180
14586258
07985223
14001348
06602148
01258617
07139700
00380568
02663340
04761815
00071178
02547586
05802185
03996416
13810323
00339934
02330742
05002822
10631941
10180178
01460029
06743506
02760658
07939382
00699626
13937554
01830946
00414174
00874806
00838524
02051694
05557839
00757856
11669335
03200701
01168468
14442530
00885217
05555473
00897564
10395605
02035919
07445896
03961939
01548193
08648322
02913152
08378356
10317007
01466543
00317888
02305856
14424780
02496816
06251781
01229938
00077419
13252973
02414710
05663671
02691156
02064887
04424418
02388950
06396930
02621853
00380083
08050678
00730538
00331655
00068617
02531199
13343526
01076046
03005423
00556193
05755883
00024814
06321054
01178565
07199565
01007924
07346057
00477941
04802198
05262185
07314277
03778600
05532944
09941964
00383275
08663354
00707366
01827858
00654885
00590626
00052672
00049003
04694441
02648639
02742842
07432559
05309392
10468962
03061081
02460199
01793177
15226214
10514429
01312810
01979241
01053920
05633385
13809920
02744977
02735418
06818121
07039238
00954311
00695226
01029852
00324834
02186868
06148148
04530566
04181228
00894738
01170962
06755568
00046639
06094774
06619428
07309781
00766418
05250659
09260907
00250710
01012073
00262743
08146593
05999797
06757891
01645421
06290637
00067990
00731222
02031158
09991867
09941571
00967625
05123416
00581812
10785695
02396716
06744000
00621058
00604576
05708432
02479323
00697062
04016576
00545501
01634424
02479990
10724699
02135048
10068234
06364641
08400965
09626589
02500884
01720660
00466651
06798558
03099945
08679972
01127075
02907473
03093792
01230965
04080833
06797671
01434278
08357784
00261604
01412759
03405725
10009484
02766328
01636397
06876309
05853449
00377364
01395617
13810615
00066901
02589013
02642634
00885082
00611433
10624540
07137950
14702416
14411981
01928608
02677097
00289175
02626604
09977660
01407904
03775199
10765098
02505358
07421316
05136343
04674715
01644050
00714884
05766247
05389762
08550076
10532576
00285889
10484526
03100897
07510923
10722385
00522751
01225562
00173283
09615465
06417598
05902545
01456771
08108972
01137138
01438304
00843128
01434822
10804406
07217924
07447261
08463817
00074038
13962498
03424630
00741685
05637558
04841358
06163751
01077350
00358431
00173764
10523519
01970348
00950858
10369528
01566490
04865722
02806261
00230172
00231557
00593944
02982790
00471711
00205079
02850732
01011725
10212780
09802050
03040587
01619354
01059123
02178866
00632627
05470189
08187837
05905802
10533983
04702688
06346681
02131279
10554455
07407777
00360143
00618451
09767197
01484982
04922113
14534696
02574205
00871942
00465762
00403334
01449053
08398773
04693900
01993549
01103614
09625401
00615887
01447632
06078327
01191755
00235918
04869569
11480698
00782057
10034906
00993892
03315023
00102457
00402535
01779165
00355955
01511380
00548326
01619929
09887034
07142365
00484892
01837744
07089751
00248977
03931044
06750804
02623529
04231693
00989201
02628337
02296984
01325536
05585665
01862386
00902652
01389942
00604617
07794159
03335030
13954818
00961586
13308999
02375131
07566340
01986869
01640855
01629276
02712243
13365698
02715513
05835747
13793504
00520257
00611972
05907682
04898437
00629738
01159655
09773245
00940842
02428924
01658762
00874621
01930117
01981036
07334876
02459633
10745894
00716758
00262703
00053609
13504173
00923995
00990812
02431320
00819508
02409148
03499142
01260291
06174404
05309050
01467370
00680841
04871720
01877204
06115476
00053097
06693198
00912473
01653013
01258302
01332730
06479665
09969491
06681551
09607630
02585050
00658627
07216083
01423285
15257416
02338975
00368847
00204439
05324553
01253808
00704690
00806902
07519253
00156390
07037465
00917772
01640207
08078020
01018928
10052843
04733640
00345761
00055315
01921204
03038281
04692157
01558883
00672433
10718131
09184975
04733204
00100543
07245125
09858299
00445467
01116585
02413480
03496892
00716531
06115701
01981699
07187996
00208836
10464178
00594621
10102506
07218470
01633825
00610538
13275847
02801349
10201535
01254013
00443116
04904996
06556692
01883344
00147595
10592397
01976220
02242464
01067816
00787465
01173038
00739082
01111375
00398704
05838765
00115036
02148369
02747709
00772967
04074482
05761918
01740608
00506658
14699752
02742322
05576573
00922438
10251779
10448983
08622950
01001294
01108753
01200440
03588414
04999401
04871374
00306314
02107248
07317764
03839993
00597634
01525666
02451113
00313245
07211092
00372226
01101958
02342132
03773035
00503164
08656590
07561112
10075529
02965783
00217014
00107739
02154508
09889691
00227165
00310666
00976653
02861617
05824739
05832264
06732710
10605985
00722232
02154312
02735897
10629020
01626420
00610738
08060446
00025034
01238424
01747945
07338681
09178821
07194499
02230056
01325774
04650201
00383390
14504726
00480969
02568672
00479391
01458464
06532330
10516692
00151497
10728624
09930257
10402285
08509442
10431625
01455184
01913237
13809207
00924431
02536557
00876332
02509919
02550296
01449974
07472929
07326880
02450505
09794917
00570590
00862683
00219575
09968845
00557813
00192836
03875218
08101085
03871083
00243124
02253154
07969695
00644066
06761099
07999699
13863771
09628382
04783247
00820352
00989602
05051249
00322228
02722782
01486312
00601378
00921790
05675130
01005579
07332148
00613393
02649830
00337210
02620587
01150559
02821627
02716165
10235549
02495038
05142180
00987071
02074377
03094503
00484166
10740017
02686625
02902250
10252075
00213186
01321456
04551375
01884974
06472025
02662297
00249501
05421414
05986948
01091427
07496755
00707956
02089984
04149208
02719399
14541852
01410905
07373803
05511286
02487573
00199309
10491309
02484570
00001930
02677567
00658082
06399631
10122300
01252280
07248801
00043683
00351963
00815686
07020895
00657260
00921738
02387034
01558440
06998748
02062212
07151380
00267349
06425065
13558490
02578510
08054721
05632446
10533013
06684383
14462666
01552219
00340463
10700517
05784831
01010118
07407970
09792237
04766620
07705711
07321772
01642437
00953559
00168658
00880269
09900981
00483801
01759326
05712076
10090498
04472726
01819554
00237259
01903756
02015598
06152821
08418103
05466005
00352826
00242583
05301072
02440244
00171586
02479154
00180413
02436349
02582042
02390470
10383505
00338641
01500873
00931467
11531090
10118844
09614315
00201671
01009190
00407535
02519148
02310482
02598211
05087297
05593871
02110220
09758885
00654625
01875295
00007347
00683280
02454312
00666510
01678519
00833199
01384439
01181475
05217688
06740402
01233194
00429060
07521674
01327301
00944924
06355894
05898568
00068333
07167415
01385458
05555688
13295657
09802239
00995119
00988287
00877083
00779248
01347678
00851239
05800611
00756780
10451263
04754440
04151581
03079741
00739340
02634265
02439732
09786922
00277376
00647542
00634906
02877704
01014990
01778212
02205272
00194969
09848489
06607339
00373278
02646072
09283623
01770501
06792645
01008947
09607280
03736970
01758308
00044455
01886756
00548173
06602935
00707624
01363648
01736822
05447599
14413644
00410247
01398919
02559752
05161967
05199869
00645415
01688771
07649854
03733925
05704266
01343892
00027807
00055633
00795632
09790482
00918872
08053576
01017987
05398609
14419164
13503908
00065575
05397178
02898711
09854510
01744611
07073208
01030132
02469914
06468123
05808218
10514784
00933000
05796750
08512736
10529231
05891572
09913329
01557774
00719734
00968211
13307901
10703905
00165178
09774783
10560637
00014549
09939313
00482298
05352291
09904057
05138208
08198137
14051917
02760855
00647929
00298161
07578879
00050195
07357388
02514825
00620752
02478701
04549919
02611630
10717589
05162455
00975902
00841901
00397760
02513460
05682950
03537412
02558172
04211356
00955601
02153023
00899927
08456993
05786372
02515080
05426243
00359614
14477667
00442669
02036339
00502415
08239808
01157517
06855035
01769843
01298283
00114837
02629793
09633969
08567877
03385557
03045074
01003249
00589217
03793186
02424254
10673451
00222248
00932636
02376277
06022291
04071876
00217773
10351874
05579944
00508032
02523953
04766275
00242808
10012989
00737973
01028748
15267536
10007109
07180570
01139194
04051825
13367593
10105085
08307589
01136519
13299651
01631534
06759349
02695895
01214786
00723056
10126177
14860102
05275466
00864159
01580050
00354634
03138344
05493303
09631129
04226537
01106808
00043411
00263813
09206985
06591442
02469274
01019472
05289297
01843689
01716882
00946588
00692143
00828374
04781349
08164585
03401721
05602132
10439851
00673766
00351824
01086103
00923321
08672562
00868196
02527085
01468058
07290278
05768415
03859958
02574516
13455487
02434976
00584367
00164345
10154601
00317207
03098803
02140781
01301410
05176607
00932624
07360647
05111835
02761392
02415831
02875013
03181293
00994076
00714944
05551318
00020827
05868477
02213074
00704388
04840011
02257370
01696648
05861067
02348568
01635432
02074677
14406573
02741149
03081021
02501278
01012561
05984584
07129867
01016002
01432474
00446695
07364700
10074339
01256600
00879540
01646866
05147940
06687358
00248659
00797299
01076615
00029677
01229071
05888929
03234306
00023100
00489837
04202417
05003423
00385791
06371413
09909060
07180183
09946957
07193184
13928668
07132415
02671421
06551784
05467054
02767433
05822612
11450869
08399586
10089615
01077887
05149325
05178715
04826999
01022178
06671484
01801600
00856824
01020356
00185857
10027590
00996969
00922327
01870275
07524529
00824292
01020005
00846462
06080522
05564590
09979321
00591236
01145359
06731378
04648207
00209943
00996485
01127215
13583724
00497705
02283324
00859153
02020590
02207206
00872886
06404582
00917211
02014165
00445802
07434102
00374224
05686481
01593614
04821802
10261041
05651971
10421470
00093327
02897524
01023636
02108791
00383606
01509584
00786195
00171618
04623113
00894221
06367107
01101913
04133211
00278040
05582305
07284554
05910453
00979988
00967098
02109818
07339329
00634276
05774129
02730471
02727883
00338071
02713852
11410625
07251619
00918471
09451517
06712325
08008335
00040325
00633443
10468750
05825245
01987228
00264386
07253637
04353803
03533486
01637982
01358023
00138956
13353607
05154908
06796506
04779649
01711749
01156834
01902783
07251779
10789963
00990008
00063652
13858604
01210152
01197980
05793000
05474346
00731789
01169744
00365709
06278136
01083044
01022064
01621555
03579355
01539633
15291498
01634142
03206718
00093483
00230276
11665372
02970685
10593115
10771392
10646942
07324380
03082979
02200686
00908351
01884577
00661824
01624169
00084738
13956488
09765278
01094086
02451370
13580415
01543998
00348571
01760944
05916739
00377686
01074694
05817396
10562283
00382109
08220714
00656576
06691442
07202812
04800359
01133760
10231087
02441022
01835276
05785311
05501711
00140123
03109693
03327234
04863969
06511874
01468576
05724694
01899891
05157574
01046480
04935528
10623354
01724459
06090869
14462946
02528380
00758627
01194938
04618070
02673965
01085474
05780104
05516366
00939035
05010062
01752167
00943281
03745285
04930307
04164989
01987545
02515341
03782190
00631378
01503404
07938773
04275661
01207609
05469032
02193194
08478482
01350449
06196284
02265231
00665358
04904851
05664069
02671062
02147603
09962966
13761171
02319050
00521562
02293321
00042311
01974062
02752931
07308563
01076359
03764276
05692910
06481320
01224031
10165109
00451461
00708980
05919866
02469835
06367373
06743230
00674607
05726345
00820801
01256743
06558277
09257949
02559199
09379111
00920336
01254324
00050652
05209822
08000304
04850117
04759849
02419073
07193958
06054700
10538272
00452512
01923909
09862345
00739662
00803325
01722077
02129289
02668523
00272391
10005280
00205543
01194904
02130160
02158587
00053913
00590924
07319909
07359599
07207273
00904690
01346003
13467916
01804961
01317541
10206173
00931232
01041111
01113068
09997404
05652926
05760202
15224486
02678663
02438535
02387486
00222135
03183080
01231252
01014821
07344663
01019372
14525548
06201042
02608823
10054657
02099019
01201089
00503237
01646300
06610143
07007945
02578235
00123170
14213328
01964367
03180504
05289057
00388635
06528783
01058574
10677713
00672017
00608896
06095022
10335801
01342529
01146039
01606574
02996605
00803815
02391803
09620078
01385170
13728499
01202904
02156546
00235368
15274074
00050037
03210940
00361192
02704349
00055539
00644583
10209082
13096863
09048460
00547802
06726939
00763399
00797878
02554647
05787005
04999741
01261974
01150370
02176268
10481003
04152387
09893600
01140839
01686132
00594146
14499594
00479932
02123903
05981768
00940709
08191701
00876442
02034828
02838592
06797169
01716619
03225238
05917477
01335804
07162545
02166460
06355705
03211117
00056188
06753299
01286913
03921209
07352190
02397637
00567291
01761120
00041899
01909812
02011810
10404672
01024190
00144850
00822367
00931852
07199922
05567217
00610010
01201429
04073208
13354420
05108947
08630039
05017230
00956250
06353934
15280497
10044879
09902954
01066881
10785085
01593254
02698944
08293982
00863433
01534609
00813790
05765901
06876144
03650173
05838176
01045419
00574218
00720063
01745722
06528992
02713218
04760771
00958880
01667132
00913065
06893885
02412939
00577068
01699700
02180797
00617748
07528212
07885223
00921072
10596689
00205885
13085864
02463403
00807178
01744888
02339413
02609764
02066939
01771390
00907657
10576071
00638585
00413876
01023259
02650552
02348324
00927017
00257770
02410855
00793785
00873603
01375637
02670398
01987160
01458973
06377133
02684924
00423971
00240938
06818747
00003316
01931768
00211110
10619492
13083586
03387016
00471437
00294245
02680814
14064644
04061969
00612612
02030158
03274796
00374534
01249060
10480018
04516874
09820263
06149484
00963570
01742726
00991151
07109847
05804274
00777931
08568978
14494716
13741022
05272110
03303965
01721169
01048718
05465567
01637368
07120364
01432353
00812580
00947077
05123760
00931453
05058580
08381436
00075135
10426749
05532225
07128692
01296474
00290740
00868591
01215902
00839619
04780958
04762355
02595662
01774136
00850501
07997703
05978623
02185373
01346804
01935233
00925873
11669921
00212808
00540235
00552097
15258281
14890659
10059162
02077148
01051331
00695300
05196375
09470550
08188449
03302121
00446493
00916123
00614489
10731848
01657828
00752431
00613683
00605086
03562126
02118933
02608347
13154077
01463963
13285714
07150644
01870889
04188368
07109019
00818553
01492052
01176897
05803379
01158572
00396642
00590518
15113229
08566707
05784242
02782815
04526241
06136258
05160796
06254007
02558951
00734587
01068134
00158185
10557854
00210518
00734054
01563724
01151110
02504131
02321757
07491286
13265011
04946553
01658188
02963821
04773596
02645007
14515463
09606009
14418395
02466670
00135504
00780148
01802689
02030424
01186810
01697816
09278537
09941383
02130300
06467445
05818741
10495167
02743547
01555742
05083328
00446514
10372076
05329735
00420477
01653873
00892467
00873682
01108148
05195362
00483146
00065184
02209499
00388065
00846515
00142191
00974367
04376400
02506546
05088056
15143477
00990249
07965085
02567147
04701460
00004258
15224692
01934554
00220522
09815790
00644839
01227235
00946755
00886281
06289250
00066685
05216365
02611002
00403783
00413239
05812038
04596630
15266911
03683708
02972533
01079873
10086074
01428381
00432683
14491271
00830761
02115778
00858781
00079398
05107765
01392080
01549187
05599617
02404224
15255804
01014066
01206553
00280586
05704096
01843364
01244410
02157100
00351638
09976429
02682424
07490713
15153787
06725877
05192451
01016832
05254795
02512305
03270165
01686439
14023997
03574816
14422179
01872877
10773126
01619725
01843904
00765977
00677021
13794034
00428000
03857828
00283127
00059376
00215314
01150981
00156812
14031108
01195867
10767519
01410363
08359949
01919931
01695567
04143365
00918820
00169806
01105259
06490887
07417043
09845999
02584981
13904843
06489659
01089878
10461424
07498854
07197021
01322675
05318606
11480930
01086081
10341955
03265874
05509889
14000403
13423922
05172596
05348884
02172888
01668603
13308864
10498551
10597234
07361128
01069391
01468327
07232655
01888295
07159791
02555434
05019661
02290029
04447028
00592795
14464203
00348008
02285629
01362736
10425946
08441203
08292756
05786184
00218045
00582388
06721949
02873839
05906554
10441694
02212825
01466978
00599992
00324384
00043902
05473928
05308310
03753077
10241300
01193886
05593476
01629589
07550369
00118523
07208000
10349243
00882159
02641463
00343334
07250339
04916342
14481929
10754281
00884540
02706046
13582013
00877327
10045454
01376082
04756025
00429048
13910384
00937208
10001058
00002137
09269972
13439570
05891783
00146138
00430140
00435853
05767733
00446885
09609232
03011521
13993517
10180580
00935940
02151625
09953178
13860548
01905121
02228698
04686003
06320801
02431971
07344528
01266491
01549905
05763412
02798574
01498872
01062817
06650070
07221094
13549672
02347637
00794367
01115349
06252743
00475183
00019613
07942152
05616246
10053808
01995549
08381636
07356676
06398401
06763681
02199590
00445169
00773402
00116687
00745187
00376400
05870180
02235229
02229055
00961329
00322457
00769092
02038791
04612840
08591680
01048912
00290302
01721754
10148305
07384741
01369758
05850624
01780202
02407987
02149302
00624263
01298668
00816353
07988857
00355252
02510337
06637824
01091905
00781303
05221895
06648207
02730568
07513508
06413889
07524760
10165448
10671042
00115803
13779374
13899200
02513269
10516294
07298982
09761403
00157081
02325968
15047313
00945205
00729109
15152062
03088707
01333082
02863750
13792579
00601043
01987353
00792471
00004227
01090308
01296462
07296190
01428853
00717208
09795334
06688522
11414411
02569790
05552607
05704694
05982152
13306870
09559201
05682570
08628921
03327841
00488770
02996904
02711114
04631298
00884946
01059719
00956687
01778990
03903424
05761559
01021973
06740183
01123148
10029068
10005548
05598147
06731186
01056411
10426454
02466111
04695176
07242912
03304730
14018567
05297523
00551065
03209141
08009834
01685313
10509605
00237869
09354511
02523521
00013328
07186828
04836074
01090335
07993109
05194578
01410223
00006484
02400037
09949946
01986367
00430370
01082454
00726300
01590747
01191975
00006336
09624559
02669789
05194151
00772640
13086908
00908672
07362075
06172789
14562142
06773150
00434374
05480794
01031705
00933403
01631830
00327683
02156532
05166805
10147619
10526927
06177033
05826291
04476116
14061462
00754956
09840050
07172756
06392935
01144876
01149138
02549581
07370671
00201722
10752480
01933900
13505987
14492953
10308504
01452593
05225090
02636516
09811712
01772960
05845140
00991683
01733213
00470701
05785067
10169796
01165043
00612114
15286249
00893435
00776059
04216634
06338908
04734885
02245765
08569591
09843602
01172275
01026095
00152887
01351170
06678302
04638175
14481080
00306723
01328705
05701363
10176679
00931040
00117985
05803938
07002992
05263850
04435870
05733583
08063446
00747029
00442063
04626705
10575787
07290905
00070816
03485997
07203696
07323922
11444117
03836062
00817311
02919275
14414715
00779061
10195593
11499817
01065630
06786629
07540866
00260648
00274707
00829107
00236289
13095685
04208210
02161432
00955148
00237511
02468617
02962200
05602835
01275762
01210737
03076708
01803380
02318464
05190804
07203126
07409121
05796423
05471629
05789432
10418841
00020090
01028655
06373991
08109624
01794668
06000400
02065085
04623612
07374756
05150129
13464204
05793554
06400271
04689660
10516874
02108377
01076793
05405946
02225492
07491038
00748515
02202928
00220869
01860795
01073995
08623927
10279018
05339357
10080869
01999423
02502916
04649261
00282050
01237167
00199130
10752093
00044797
07139151
14488317
13461162
00771961
10721470
02734217
02600490
13457378
08358594
01999798
00572489
02283716
01027508
10076957
07307754
00309310
15258450
10684630
10173895
00278221
00339464
01309143
00238527
00988028
01309701
09178999
03264136
07369604
08081403
00199707
02426171
03544360
05328867
06634376
07335581
06253140
06685198
01172889
00686447
02742638
03739518
04360501
01146576
09937903
02310007
01687569
05710210
00896141
15055633
13575869
01629000
13860793
02769460
04628192
05109808
10618007
02357228
13907415
06729499
03740161
00887463
02619424
13366912
15266265
00250181
04802629
02345647
09824361
03714721
01311103
01859586
00525453
00623151
05734559
14704966
05501185
04016240
01807770
00664276
01241073
01744111
00779601
00657604
00660971
00567044
05753564
09805475
00387657
04105438
07193596
10638385
01380122
01762528
02323286
02559180
01075164
05329533
13920835
06762380
00763901
05200169
01835496
14997888
00134780
05305806
04125853
03150795
02084252
13961642
01458228
02128873
06196584
01240308
09909760
06732925
05468849
02377938
00911048
05566097
10323182
06172502
07523905
06686736
06763273
00996448
02102484
05657718
01973125
00318735
04936846
14373582
03473465
00486018
07357679
06767035
09942431
02950154
05860200
14535431
02117649
00751779
10294602
14480420
06770275
07191777
00290276
10309896
13576355
07184391
02314275
10253995
07298154
02067689
15268239
15152817
00033020
00797697
00090708
05539138
00838098
09758781
13477462
02614181
00652466
00203866
00798245
04849241
09328904
05670972
00007846
08163273
00506672
05584928
07009538
10794014
00258665
10401639
01635176
10510339
00689205
00591115
02389346
02475261
08111157
03599351
05434557
05603160
01640550
01238640
00230746
02687916
02557199
00372013
00029378
00669970
03129123
14379703
06018022
03385117
13408980
03294833
01704953
10507070
07044917
03600977
00939857
02713594
07212190
01923414
01211699
01488245
02002720
02576921
01969216
05790242
00274941
07447022
10151570
13524925
05651068
00897746
05009170
00607114
02487718
09443136
00202236
01660994
02413140
06613056
02919414
01645601
00609683
03163798
00961001
02991122
13840719
02582450
05491612
01549719
14441825
06308049
02260362
00276068
13864153
08673395
10256537
08419163
00770141
06649915
01656458
02938886
11419404
00207418
06694540
10389398
00286605
02910789
02586121
02586458
04673965
00900375
01215168
01548718
02609203
02607909
00298497
04650527
02726017
00626800
02514187
00282076
07445480
00235435
04069276
02451912
05568767
10491575
07959269
15269513
01363482
07348399
09947232
03055809
07331759
11498040
01504437
07320302
02286027
00785690
00989084
01987938
07881800
05325378
04910973
00226618
01633343
04054795
01968569
00036178
10699752
01056554
01622795
07373602
08123167
07524242
02756098
01718952
10332385
10463714
02744651
14854262
05763916
00150202
00005041
00159620
13905792
02032634
00681429
10407954
05370918
02294179
01484714
03084204
05432948
13874384
03669886
03841143
00880662
01461152
01165692
09998907
05864177
01088923
00034574
00474308
14562324
05697135
00261705
01281611
13508651
04553703
00859001
01097960
01128390
01767163
13859043
02517169
01237415
01109863
04295081
01954341
02448185
01013434
02023600
01333301
07414740
01638368
13368052
00733044
00059127
01214171
01471682
00625774
01016316
05566919
01989669
01202415
05088324
04728068
02303761
07045353
10692482
01684899
01457954
01544692
00064643
00788097
05461816
02635794
10608385
02043190
00770437
10716005
00411020
02573127
07099271
07137129
02678384
01198307
00112997
00030358
05167618
02468864
00550771
10019888
00677544
07196682
01215392
05623818
01617192
13523661
01383638
01661243
01549420
01508368
01036804
05839024
00641252
00354845
02296726
00954608
00523513
05003590
03738472
02442205
01062583
00953216
07409592
03563967
10063461
01812324
03876519
01095218
00592702
10773394
07233214
00144694
01018630
05599203
09623038
02699141
01182654
01712704
05593017
05549830
00696518
03087366
00097504
00781685
01275562
02570062
06313651
01756719
00433232
05833840
01600191
01070102
00780575
02410393
00926472
05752544
09931640
10384214
00835267
02169702
02749247
06709533
06634095
14507951
01240210
09942970
10207831
09505153
00882948
08621598
00228236
06055300
06765044
00262596
14686913
03546340
03201208
04561548
05601758
07413899
13289467
00510050
03975232
05967977
02290998
00249313
02103481
10009276
00372977
07110615
01264050
00959376
06736405
01236795
03848729
00812298
07175241
13366311
00823669
00442267
00855794
03058107
01119169
02561332
01426153
01770802
00425090
02945971
05594367
10741590
00206998
05279953
05732756
06793426
10467179
13370448
10577284
02610628
01048466
01129532
10042690
01854132
01198750
06264176
03020034
01020934
07230502
01844048
05199286
01721556
02577061
01771535
03701640
04618781
07388987
01994442
09627906
07221756
06362953
10314952
05090441
10708292
00045639
14984973
01871979
04679738
06593099
00179311
13534274
01742886
00972621
01014731
01685601
04055861
02874282
01611516
06200344
04187233
07048000
00446329
01160729
04692908
00595630
00243918
01009240
07151892
08166187
05650820
00209174
01130607
05795460
01512259
00159177
01112584
01070777
00668099
05271383
00471613
00140967
10102800
00244625
11452218
02493030
01096497
09469285
03175081
00037457
11552386
06768901
01283746
01963942
00630223
02853218
05837957
01169317
00054628
07342049
02201644
01149470
05309591
00443384
05280831
02286204
14408951
02903204
05941423
04110439
00877127
05905348
02154416
02527431
07092158
15145171
06711855
04983122
02045043
10402824
02681518
07375214
02145543
05581514
00275843
10641755
00509377
01083077
13354985
05141222
02964634
00046522
06782019
02137907
00099721
03322940
13331198
05335310
02593001
01140471
05279688
02251743
04384406
01131197
00912833
00893955
08058098
13440063
03366721
00218208
02329578
00002573
01168569
06397307
07240925
09975425
00011757
00948853
00397576
03247620
05946687
01104406
06410391
01989562
08008017
00966718
11499284
01725051
05580416
07161429
00316594
05176188
05502556
00721437
02578008
10776339
13760316
05624700
01494310
02679012
07650637
02394662
00634586
07312221
00910203
03277771
00218427
10635275
05578251
02535716
00829761
09437369
03224032
02296153
07201804
01126961
05271814
02658283
07177924
01190948
06652242
01953810
00810598
02050132
07414922
00066216
07241837
00115157
09779790
00664483
02443049
02518990
00172710
10689564
00351485
01052853
03285912
00148978
00828237
09630641
00960851
01913532
00646271
00296946
10779775
06428216
04677514
00946499
09774266
02464132
00100253
14379130
00858568
00755500
00300761
01221611
00916464
06730563
10763725
03033986
10388924
01085237
02220461
00591006
10580030
03597469
04717139
00204943
00535452
04357121
05892096
01643464
00153263
00378985
05656537
00114871
05829480
07311115
03018498
05951323
00703875
02028994
00253761
01169704
00281101
00314272
06369829
13447361
07959943
01901289
02713097
00245457
06084469
02679899
03892891
01582645
05298729
04682462
00969370
13769317
14322699
00697589
00441445
02694933
01156115
10599806
02123812
00019448
01952898
10169937
08110373
10309347
03605915
04840981
01142519
05036394
05738625
00923307
00938247
05240850
00838856
01789514
00784727
09622049
06365467
00609236
00032613
07510495
00043765
05926676
02343595
04384593
02116118
01505254
01308160
02396205
09618760
13565379
00900957
02767116
00593613
00622068
00666886
00058743
07510625
05367912
05827253
01414626
01282014
01147451
02656390
10625860
02382087
00327824
04179385
00083260
08374049
05068080
05827684
01046984
07467846
02710673
02955247
02569630
00096343
02082690
03062280
00035758
01033527
15256915
04689198
01802494
01243661
00603298
01459896
00161739
00760402
04773351
02289295
01726172
00356367
01414288
09615211
02225510
01699539
09610660
02687172
02788689
10792178
10677271
01264283
00781000
07415730
07200527
02240881
01356370
00312553
06324475
07292694
10381214
00715868
13822995
06756680
01163620
02383831
05804793
10004539
10463943
00760956
02531625
04877421
01104637
10583387
08310389
04661151
01563005
06253690
02472293
00795720
00806502
00072012
14497763
07452348
05594037
10469346
00640828
00296178
01236164
01201773
05287882
02992070
02152812
06316048
02217695
07072698
09616922
00337903
00210797
07009946
00881649
04688246
14940100
01766748
01623967
04377057
07423560
02125223
13929852
02061846
00581891
07776866
07003119
07527352
10665698
00306017
00070641
01535246
02646931
10045713
13135832
02141973
04662951
02455407
09943811
00923793
00884778
01583494
02084104
03002351
02650840
00948206
02447793
01201021
00633864
01507134
01177505
09184834
01230710
09816771
03290771
01123415
03339643
04296562
07176962
02247977
05148699
05383467
00059019
00965871
11412727
07223985
02912065
13329641
06169285
00255710
06643408
10182499
00638981
03613592
00731000
06807198
05766984
14535643
09762821
00375625
02156063
02571511
05559727
00004605
01329239
00791134
10301261
02584097
02304648
00164579
13892897
09955015
10080337
00991900
05304932
10521470
02070874
13403643
00638837
04590746
03899328
06037666
01051082
02060141
03265479
05371663
01251928
02748927
01205696
00805034
05476256
00908909
03154073
09771664
04004475
00715674
00949619
02689299
02660819
00234892
01412912
00344125
10335931
08373244
11677743
02402825
02169352
00754424
04700642
14480772
02449847
04668819
01323449
02425913
00597265
10178216
06520944
05417975
00050693
01321002
06282651
01377032
01781478
02033295
05341920
01714208
03488188
06373747
01354673
00327031
01202728
05788149
07976936
00147187
01069190
01560984
02230772
10404998
10567401
03471030
00886978
05808102
00078760
05773049
02730265
01320009
06738281
00731159
00703512
08647616
01474513
00717045
04008385
01259005
02518161
00371314
10706812
00736216
00740053
00039021
14821043
00360757
06157326
06889330
02338386
03949442
01986806
13761966
07439570
09429387
05318831
01539063
10114550
00816143
09621545
00356621
00943563
03233905
00956131
13795180
04599396
00750532
07291312
00809654
08499840
07450651
00429968
02228031
02202384
00276883
01476483
01762839
02451575
01216191
13102409
00835506
02138659
06410776
02700867
00625393
00907147
03560567
00347420
02981759
00734348
09279458
02127613
06791372
06742932
07286905
10626867
08462205
00820611
01559055
01447257
00394610
00889229
06313457
00381680
02008066
14806838
05675905
01130455
00376063
02651014
14559983
07406765
13411157
05596004
02934888
06733939
00774107
05465868
00715074
07208708
04192698
04453910
14425103
05795044
01034312
04723816
14598079
02575082
09614047
08274565
13527965
02500902
05296639
01285440
07363346
10770059
01976146
04289027
04357930
07209965
07006951
01538629
00727573
01380638
06258680
06601327
07395104
06806469
13948026
01577093
07286799
01554799
00954038
01133281
02215355
00634472
10004804
05859991
10743675
09605289
01318053
05194043
02185988
06799897
00676450
01222477
05710573
05299178
00785962
05528854
01790020
02703539
06516955
02291548
01254051
09285254
00138508
00609953
00752144
07160116
01417451
04298308
08108627
01021629
01227190
05558717
00818974
01440378
03530910
01277784
04162998
02405390
06018465
07168131
00431826
02036578
06345131
05638987
10487182
03574555
13427078
00875246
00539110
00332835
00232542
01881696
00685638
02509287
02234781
01018366
11418750
14547369
00614057
02450256
01998793
06128570
14421139
10603528
00235208
07148192
05609884
00367976
06207561
07395446
01843055
05695232
09979072
06506757
04768657
01864634
02021532
09190918
09614684
06559365
08376051
03173524
00035189
09780828
05475681
14017332
05069199
02581073
00213343
03297735
05822746
00838043
05772667
05595083
01796346
01094725
04935239
00648224
14035298
05286536
04689450
04819026
00116619
02444159
13757249
05546040
07007684
00182269
03664675
02379198
05650329
10511425
02518813
06004067
00915605
00941990
00048656
05943066
05343718
07452841
02023107
00407848
06374587
00278403
02676789
03673971
00695475
02887970
09213828
00955987
02464693
03316406
05775081
02376089
07214432
00376994
00811355
10746346
03525074
00386676
05485314
00709379
02644050
06193727
10334957
00722675
13486671
00094460
00356199
05343542
07240549
07242104
08252211
06740644
01176219
01347298
14436438
05782140
10005721
06694796
05503705
10652954
10308275
00038750
00081572
05462057
07330828
03706653
01177118
05896733
06741305
01279978
00907930
02043665
02333689
07018931
01691057
00382635
07546465
00787218
04065464
00742320
00662589
00313987
05927813
07296428
03679712
03686658
00623370
01883716
01781180
04184095
13534954
06880664
01015244
09222051
06398760
02210855
10450303
02629256
11675842
07066659
07185668
00002325
01239494
13870805
00089351
14055408
03459775
05840188
08227214
00455599
02549847
02334302
03209910
03540595
01061481
13754293
02550868
02685365
01590007
03674440
01678685
01644522
02102002
00372607
01019524
05702275
01023574
05539595
01197258
01350283
01588493
07475364
02613275
00558371
10225219
07518468
14420954
01103180
04630689
02928413
01090446
00512749
05662532
01501184
07160296
03748886
02728440
00604694
05565696
10032676
10113997
06714288
00700708
00836236
07154330
01003570
10206887
01030832
02177976
05686955
01239619
10290422
04682018
02038357
02071142
00298767
02303331
00561036
05093890
05640433
01993926
04878861
00933821
14004317
10458111
02732798
00532607
10637635
07578363
04366116
09901642
02690708
13935227
09938672
01459422
09814660
05520699
00060201
06549661
02267989
00914632
00646542
04170037
00509958
00427580
00959731
00171852
00913705
01591835
00562398
13896369
00198631
01384164
00125629
02072849
00155487
02733524
02229550
01070187
00965035
02627555
06712833
04820258
14010636
04316646
14920388
01120069
10716389
00575720
00623670
05849040
01201856
14298815
07555863
07649463
01122149
01008378
01206218
00137313
01022008
10003120
14050143
13465530
04939324
04341414
00067274
00610373
00701040
07286368
04933544
06304671
01184814
08511241
02453692
00069879
01516534
01578254
07131854
06740919
05072663
01227675
00240293
00591519
02679142
09415938
10692883
00144314
03238131
07173959
05849789
05726596
02482425
01590171
14407536
01635056
09926862
00325110
09769636
14010927
01534147
00813978
04870340
03952277
00780889
07423365
00932324
00066636
01175224
03017070
13496517
05532795
13962166
00467719
15271008
02510446
00818466
01460421
05694791
05529286
10006842
13903079
02924713
03091374
00776523
00779374
03916720
13999663
00950431
01057200
06749881
00426608
00978369
05602548
05143690
02400378
01689379
04485226
05790572
07208338
03521076
04826235
06060845
00844994
00823436
01729431
10466198
00220276
02983097
03509025
01767661
00237078
00854904
09385137
04019696
01834918
04171831
14016361
07926127
14577046
14560612
00967455
07355491
03122748
00082563
04456276
03008275
05386845
01278427
01769902
05536370
00643473
01322509
08680888
02540670
10107303
05517578
04680285
11458624
01909978
05560244
05581693
00835903
14597158
01319874
15003969
01426397
05908520
00444309
05310351
07006712
01009637
07326557
01437254
06746580
04879092
03307274
01149480
08189659
15142836
00632236
02164402
00962447
01496978
01551195
04904664
13134947
03249342
00198451
02598143
13451804
04060647
01627355
04645943
07220773
01250335
07361416
00443984
10008716
01272397
06364149
00381601
02743261
04835724
13954253
06650431
10490699
02094569
02566528
04328946
00546192
06671637
01326291
13905405
01637166
06428646
01279631
00190783
01040646
00255214
11512818
03791235
01103000
15180528
05809192
10521662
08559508
14415518
07139316
03125057
05832745
01812720
07567390
00694990
00636921
00336260
13541167
02458747
01778568
00835294
01067070
02227741
02773037
00164152
02475922
00954271
09755241
00612652
05573895
14574846
10708454
00969873
06762711
10401829
10339966
01485158
06615561
01107932
05930736
00543233
00058002
03104594
05305136
07365849
05054863
00602805
05068461
00639975
02376958
02669081
01563336
00759269
00431447
00309582
02576349
02698443
00373130
07939638
01951480
09313716
00878136
06890846
09800964
09952539
10227985
02545272
00528990
02274253
09812338
10680609
05762998
01934205
01783022
02584915
00751529
09385911
01049685
01988080
10461747
03319745
00553823
00125436
05145891
10524413
02553697
01290255
05638063
11676500
05867413
06170498
13559782
05805902
04424218
00426581
07885937
02238085
01579153
03288225
02337364
13558696
00161243
01538469
01505991
02643446
00228655
08199025
07963711
00588221
07325190
02106006
14562960
05309725
05968450
08620061
01042531
06399995
07335414
13480848
02935017
04617562
06536389
01253277
00488617
03178782
10660333
05495172
06756831
10360101
02161922
01755627
00023271
14463826
00243900
00021265
09179776
01374020
01511706
01753596
13794417
02144835
01123598
05563770
02697950
04616059
05074774
05275651
05547508
00744443
08402442
01979462
15140892
14575399
01912159
15143276
07452699
08103457
07291794
01189001
05433496
02729023
00764222
00688377
04209613
04806804
14486122
05301908
01792567
10442232
02245993
00898518
13412321
02286687
03925226
02727462
07006119
00348312
02556126
10522759
06208021
01935476
01276361
00341285
13553916
07363883
01083645
01848718
00396703
03956922
01986185
01789270
02700455
00623162
01739814
05128519
00145218
07964495
06610992
00548781
06691083
01202374
07508232
00564857
00842692
00329227
00652346
00119524
13458268
04789274
02641957
00402539
01061017
07128946
03789946
14286549
00745005
01036333
00515154
00872541
04588365
01029406
01865197
00151689
00400883
02460619
05590740
10455619
01636008
02613487
02575723
01015866
14873641
